1435467	1.31	0.08	0.16	1.69	0.04	0.06	0.37664	0.009292799999999999	0.0094336	4.094	0.012	0.019	3.7	1.7	0.8	6264	84	-0.01	0.09	32.517900000000004	3.80047	1.512122491169867	0.05075737208241772	0.727794	8.883
2309595	1.18	0.19	0.22	2.42	0.18	0.21	0.11616	0.010137599999999998	0.008870399999999999	3.737	0.013	0.014	5.5	3.8	1.2	5315	112	-0.2	0.3	78.9903	5.8698500000000005	1.8975737632509382	0.03227286723306283	0.387724	11.425
2450729	1.13	0.11	0.13	1.77	0.06	0.07	0.2852608	0.007743999999999999	0.0076032	3.992	0.018	0.017	5.8	1.9	1.2	6093	152	-0.2	0.3	45.0413	3.3940799999999998	1.6536109168050745	0.03272619163164005	0.181486	10.665
2849125	1.52	0.17	0.19	2.47	0.15	0.14	0.1391104	0.008729599999999999	0.008447999999999999	3.826	0.016	0.016	2.9	1.2	0.8	6421	154	-0.2	0.3	57.196	4.5493	1.757365657487588	0.034543252789049295	0.232534	11.344
2865774	1.3	0.12	0.15	1.8	0.08	0.09	0.3115904	0.022809599999999996	0.022105599999999996	4.036	0.023	0.024	4.3	1.2	1.2	6187	153	-0.2	0.3	46.9363	9.1481	1.6715088510717528	0.08464598508828215	0.329434	11.452
2991448	1.07	0.13	0.13	1.75	0.09	0.09	0.2804736	0.0143616	0.014079999999999999	3.98	0.02	0.017	7.8	2.6	1.9	5749	143	-0.2	0.3	46.572	2.13313	1.6681248887876396	0.01989192193125233	0.16872	10.757
3112889	1.3	0.16	0.15	2.05	0.1	0.1	0.2155648	0.0171776	0.016895999999999998	3.932	0.028	0.027	4.3	1.	1.2	6383	155	-0.2	0.3	41.872	3.24823	1.6219237052958055	0.03369049400440866	0.202851	11.204
3115178	1.14	0.12	0.15	2.97	0.14	0.17	0.0618112	0.0025343999999999996	0.0023935999999999996	3.551	0.01	0.011	6.3	3.9	1.3	5003	112	-0.2	0.3	110.498	2.72653	2.0433544174163836	0.01071618430870851	0.426098	11.522
3241581	0.89	0.16	0.1	1.03	0.06	0.04	1.1451263999999999	0.0325248	0.03168	4.362	0.024	0.018	10.3	4.4	5.6	5779	134	-0.2	0.3	24.1637	5.092499999999999	1.3831634351871525	0.09152756610503812	0.458147	10.207
3329196	1.04	0.13	0.13	2.8	0.14	0.15	0.0667392	0.0026752	0.0025343999999999996	3.56	0.012	0.013	7.5	4.8	2.	5131	125	-0.2	0.3	101.566	4.65665	2.0067483488570823	0.019911755894243918	0.391537	10.425
3427720	1.08	0.06	0.06	1.12	0.02	0.02	1.1006335999999999	0.0368896	0.035904	4.378	0.012	0.012	3.5	1.5	1.4	6040	84	-0.03	0.09	19.8644	4.45031	1.2980754518165296	0.0972969269526822	0.265899	9.109
3429205	1.36	0.28	0.16	3.5	0.32	0.21	0.0447744	0.0029567999999999994	0.0030976	3.487	0.012	0.013	4.1	1.4	1.7	5130	101	-0.2	0.3	111.689	1.34926	2.0480104025288317	0.005246498515098008	0.418311	10.163
3430893	1.31	0.1	0.13	1.55	0.05	0.06	0.4898432	0.0201344	0.019571199999999997	4.169	0.015	0.016	3.1	0.9	0.8	6270	60	-0.2	0.3	29.3147	1.65949	1.4670854540721978	0.024585185922886037	0.417499	10.81
3437637	1.15	0.12	0.14	2.07	0.11	0.13	0.1819136	0.013375999999999999	0.0116864	3.863	0.014	0.014	6.4	2.2	1.	5561	124	-0.2	0.3	60.4135	2.20073	1.7811339969056794	0.015820386091832842	0.239737	11.397
3438633	1.3	0.17	0.11	1.98	0.09	0.09	0.238656	0.013516799999999997	0.0128128	3.963	0.019	0.018	4.3	0.8	1.3	6399	159	-0.2	0.3	39.8693	1.98417	1.6006386106609873	0.021613474080507435	0.152133	11.195
3456181	1.36	0.07	0.12	2.1	0.05	0.06	0.20599040000000002	0.005913599999999999	0.005632	3.924	0.01	0.012	3.9	1.	0.5	6270	84	-0.19	0.09	41.1502	3.32529	1.6143719503304343	0.03509472852448018	0.174474	9.661
3534307	0.95	0.12	0.11	1.43	0.07	0.06	0.45379839999999994	0.014079999999999999	0.0139392	4.102	0.019	0.018	11.	4.	3.5	5749	143	-0.2	0.3	38.025200000000005	17.1955	1.5800715069766587	0.19639372741148936	0.164284	11.341
3545753	1.31	0.13	0.14	2.37	0.1	0.11	0.13854719999999998	0.0085888	0.008307199999999999	3.805	0.02	0.02	4.4	0.9	0.8	6188	167	-0.2	0.3	52.6282	2.7961	1.7212185164463916	0.0230737665519566	0.226499	11.035
3630240	1.81	0.17	0.2	4.74	0.19	0.24	0.0240768	0.0012671999999999998	0.0011264	3.342	0.014	0.014	1.7	0.7	0.5	5496	123	-0.2	0.3	130.306	3.3979	2.1149644134631496	0.0113247987050409	0.502711	11.64
3632418	1.31	0.08	0.07	1.88	0.04	0.04	0.2806144	0.004787199999999999	0.004787199999999999	4.01	0.01	0.009	4.1	0.5	0.6	6190	84	-0.16	0.09	35.9794	2.83502	1.5560539166843006	0.03422051346285255	0.425793	8.224
3633847	1.25	0.16	0.09	1.84	0.07	0.06	0.2842752	0.010137599999999998	0.009856	4.008	0.017	0.016	4.6	0.6	1.3	6298	143	-0.2	0.3	37.7339	1.59193	1.5767316941738931	0.018322156325644677	0.447874	10.279
3642422	1.35	0.23	0.22	3.07	0.18	0.19	0.0656128	0.0022528	0.0023935999999999996	3.594	0.019	0.025	4.2	1.8	1.4	5206	113	-0.2	0.3	80.6742	6.62615	1.906734667446774	0.035670640443453194	0.684657	10.384
3643774	1.12	0.15	0.11	1.53	0.07	0.06	0.4397184	0.014784	0.014643199999999999	4.116	0.019	0.015	5.6	1.8	1.9	6180	130	-0.2	0.3	33.525	3.49352	1.5253687865236363	0.045256270198915684	0.829914	9.882
3656476	1.1	0.05	0.06	1.34	0.03	0.03	0.6459904	0.015347199999999998	0.014784	4.225	0.008	0.008	7.2	2.2	1.8	5710	84	0.34	0.09	32.3504	1.07678	1.5098796549187463	0.014455450696862587	0.179482	9.516
3657002	1.2	0.11	0.12	1.51	0.05	0.05	0.4880128	0.0139392	0.013657599999999999	4.157	0.014	0.015	4.5	1.7	1.2	6094	148	-0.2	0.3	31.9102	1.84721	1.503929526181106	0.025140334749280978	0.681665	9.78
3661135	1.17	0.08	0.1	1.95	0.06	0.07	0.22429439999999998	0.008870399999999999	0.008307199999999999	3.928	0.013	0.013	6.6	1.2	0.8	5656	126	-0.2	0.3	56.1409	2.48483	1.7492793705695404	0.019222134975884906	0.452228	10.865
3730801	1.2	0.12	0.18	1.58	0.07	0.09	0.42887679999999995	0.022809599999999996	0.021824	4.116	0.018	0.02	5.	3.	1.3	6017	145	-0.2	0.3	38.4718	3.31746	1.5851425063426754	0.03744962730973756	0.156185	11.492
3735871	1.12	0.08	0.14	1.1	0.04	0.05	1.15808	0.0646272	0.06265599999999999	4.396	0.018	0.022	1.6	2.8	1.4	6305	147	-0.2	0.3	18.6797	3.22477	1.2713698970872869	0.07497442766249722	0.728809	9.709
3854781	1.33	0.08	0.12	1.85	0.05	0.07	0.29455359999999997	0.009856	0.0094336	4.024	0.012	0.015	4.5	1.	0.7	5974	131	-0.2	0.3	49.9231	37.877500000000005	1.698301545245943	0.3295065658641074	0.26498	11.097
3952307	1.21	0.13	0.15	2.05	0.08	0.09	0.19810559999999997	0.008166399999999999	0.007884799999999999	3.896	0.022	0.02	5.1	1.2	0.9	6079	142	-0.2	0.3	43.2889	2.32255	1.636376550239128	0.02330090736757916	0.171674	10.623
3967859	1.13	0.14	0.16	1.33	0.07	0.07	0.66528	0.044351999999999996	0.0416768	4.236	0.026	0.029	4.5	3.5	2.2	6196	160	-0.2	0.3	26.729400000000002	5.37198	1.4269892101739061	0.08728296448459864	0.101069	10.52
4038445	1.32	0.17	0.15	2.93	0.14	0.14	0.0734976	0.0025343999999999996	0.0025343999999999996	3.622	0.013	0.013	4.3	1.3	1.1	5333	113	-0.2	0.3	89.6936	1.9716	1.9527614554872852	0.009546444791160699	0.346677	11.573
4049576	1.29	0.18	0.16	2.07	0.09	0.1	0.2058496	0.0125312	0.0123904	3.917	0.023	0.025	4.7	0.9	1.3	6117	150	-0.2	0.3	47.990199999999994	25.476	1.6811525598660613	0.2305488666637614	0.44362	11.435
4064447	1.92	0.09	0.15	4.6	0.11	0.14	0.027455999999999998	0.0011264	0.0009855999999999999	3.391	0.011	0.011	1.5	0.4	0.3	5792	161	-0.2	0.3	87.5587	4.48149	1.9422993048943213	0.02222836083341351	0.372514	11.427
4072740	1.32	0.08	0.16	4.14	0.13	0.21	0.026047999999999998	0.0011264	0.0011264	3.321	0.012	0.013	4.9	1.8	0.9	4903	95	-0.2	0.3	155.41	5.57913	2.1914789604435994	0.01559092318911839	0.623411	9.693
4165030	1.06	0.11	0.12	1.74	0.08	0.09	0.2845568	0.013657599999999999	0.013798399999999999	3.982	0.017	0.017	8.1	2.6	1.9	5744	135	-0.2	0.3	44.4677	2.17169	1.648044667044159	0.021209844075688034	0.159256	11.528
4243623	1.13	0.11	0.1	2.74	0.11	0.1	0.07744	0.0022528	0.0021119999999999997	3.616	0.01	0.01	6.1	2.2	1.1	5136	110	-0.2	0.3	94.40769999999999	2.05864	1.9750074172973693	0.009470159660973736	0.367124	11.169
4247542	1.13	0.2	0.08	1.6	0.09	0.05	0.3957888	0.021542399999999996	0.0205568	4.091	0.022	0.018	4.7	1.	1.7	6440	66	-0.2	0.3	27.6022	4.06648	1.4409436983616946	0.06398221246023633	0.24251	11.521
4252818	0.97	0.14	0.13	1.52	0.12	0.1	0.38917119999999994	0.0361856	0.035763199999999995	4.06	0.021	0.021	11.	4.2	3.4	5686	147	-0.2	0.3	40.674299999999995	3.4847799999999998	1.6093200875153924	0.03720827954376139	0.146914	11.456
4346201	1.42	0.15	0.12	2.03	0.07	0.07	0.24175359999999999	0.009151999999999999	0.0085888	3.979	0.016	0.015	3.4	0.8	0.9	6337	164	-0.2	0.3	40.6059	1.04949	1.6085891407516169	0.011224667248174369	0.256631	9.908
4347652	1.75	0.22	0.43	4.73	0.24	0.49	0.023232	0.0015488	0.001408	3.323	0.022	0.027	2.	2.3	0.8	5128	102	-0.2	0.3	145.181	4.5363	2.1619097834778462	0.013569889023065836	0.569181	11.248
4351319	1.62	0.13	0.23	3.72	0.13	0.22	0.04421119999999999	0.0018303999999999998	0.0015488	3.505	0.008	0.009	2.7	1.3	0.6	5120	97	-0.2	0.3	114.61399999999999	2.90901	2.0592376695632266	0.011022798181735028	0.458048	9.939
4378838	1.63	0.12	0.23	3.73	0.1	0.2	0.044351999999999996	0.0011264	0.0011264	3.506	0.009	0.014	2.7	1.4	0.6	5053	102	-0.2	0.3	108.971	5.22548	2.0373109363287623	0.020825697931521274	0.452672	11.053
4446300	1.06	0.1	0.09	2.01	0.07	0.07	0.185152	0.004928	0.004787199999999999	3.859	0.011	0.012	8.	2.1	1.6	5385	129	-0.2	0.3	60.3517	2.48865	1.7806895079084437	0.01790847585715941	0.22526	10.632
4450844	1.17	0.09	0.11	1.6	0.05	0.06	0.39987199999999995	0.011827199999999998	0.011264	4.094	0.012	0.012	5.2	1.8	1.1	6104	151	-0.2	0.3	36.3769	1.53928	1.5608256861992091	0.018377069241855067	0.125119	10.455
4457351	0.96	0.13	0.12	1.7	0.09	0.08	0.2744192	0.015769599999999998	0.015347199999999998	3.958	0.021	0.021	11.	3.5	2.8	5503	117	-0.2	0.3	41.2832	1.49055	1.6157733535532364	0.015680413340072766	0.150218	11.095
4465324	1.14	0.11	0.16	1.41	0.06	0.09	0.5747456	0.031539199999999996	0.029990399999999997	4.194	0.015	0.016	5.3	3.5	1.7	6040	150	-0.2	0.3	30.6359	8.93117	1.4862306432543078	0.12660825528023872	0.558694	11.331
4543171	1.37	0.09	0.12	1.68	0.05	0.05	0.4049408	0.017740799999999998	0.017740799999999998	4.121	0.016	0.017	3.	0.9	0.7	6325	157	-0.2	0.3	35.101	3.7611	1.5453194893517352	0.04653499831589756	0.716511	10.376
4554830	1.09	0.07	0.17	1.4	0.04	0.08	0.5570048	0.0180224	0.015347199999999998	4.179	0.011	0.017	8.2	6.5	2.4	5538	143	-0.2	0.3	35.313700000000004	1.65337	1.547943223238515	0.02033345323612024	0.45742	10.338
4571351	1.06	0.21	0.12	1.47	0.08	0.06	0.4743551999999999	0.024640000000000002	0.023795199999999996	4.133	0.028	0.024	6.6	2.6	2.8	6065	135	-0.2	0.3	31.4427	2.68296	1.4975198320478422	0.037057718426443925	0.90831	10.855
4577484	1.14	0.13	0.15	2.13	0.1	0.12	0.16558079999999997	0.0099968	0.009574399999999999	3.835	0.018	0.02	6.3	2.2	1.	5520	124	-0.2	0.3	44.1911	2.41019	1.6453348121073106	0.02368649382654875	0.219557	11.026
4586099	1.32	0.08	0.11	1.86	0.04	0.05	0.28849919999999996	0.0090112	0.008729599999999999	4.018	0.012	0.013	3.9	0.9	0.6	6296	84	-0.17	0.09	31.6383	2.1451000000000002	1.5002131397923206	0.029445485159779926	0.444077	9.22
4638884	1.39	0.05	0.05	1.89	0.03	0.03	0.291456	0.0099968	0.010137599999999998	4.03	0.011	0.012	3.3	0.5	0.5	6375	84	-0.03	0.09	35.5501	3.05835	1.550840826708179	0.037362047609677894	0.404651	9.857
4641621	1.49	0.16	0.14	3.11	0.16	0.14	0.069696	0.0057728	0.005632	3.625	0.022	0.023	3.1	0.8	0.7	6120	141	-0.2	0.3	64.3464	4.8006899999999995	1.8085242543659743	0.03240139582522289	0.249894	11.765
4672403	1.25	0.13	0.16	1.86	0.08	0.09	0.2734336	0.0108416	0.0104192	3.994	0.015	0.019	4.9	1.9	0.9	5990	145	-0.2	0.3	47.2353	3.85922	1.6742666779843989	0.03548274173024554	0.164725	11.216
4739932	1.24	0.14	0.17	1.84	0.08	0.09	0.280192	0.013235199999999999	0.012671999999999998	4.	0.02	0.023	4.8	1.8	1.	6092	139	-0.2	0.3	41.577000000000005	12.5962	1.6188531494868035	0.13157419133053705	0.160139	11.603
4755204	1.26	0.11	0.12	1.68	0.05	0.06	0.37776639999999995	0.012249599999999998	0.0121088	4.089	0.013	0.013	4.4	1.1	1.1	6132	152	-0.2	0.3	37.689800000000005	2.77619	1.576223832882695	0.031989662925114716	0.240946	10.622
4841753	1.31	0.15	0.17	2.12	0.1	0.1	0.1912064	0.013798399999999999	0.013657599999999999	3.896	0.026	0.026	4.5	1.	1.	6218	155	-0.2	0.3	43.075700000000005	1.80689	1.6342323436631234	0.018217286228805724	0.162873	11.734
4842436	1.1	0.17	0.13	1.58	0.09	0.08	0.3943808	0.029145599999999997	0.028300799999999997	4.083	0.024	0.025	6.3	2.5	2.	6050	147	-0.2	0.3	38.9633	1.7399099999999998	1.5906557323723185	0.01939346287425056	0.2567	11.301
4846457	1.36	0.15	0.14	2.42	0.12	0.11	0.1343232	0.007884799999999999	0.0076032	3.801	0.021	0.019	4.1	0.9	0.9	6201	170	-0.2	0.3	55.465199999999996	1.04956	1.7440205833348918	0.008218092000504405	0.199532	11.181
4914923	1.19	0.05	0.06	1.42	0.02	0.02	0.5920639999999999	0.006335999999999999	0.006335999999999999	4.212	0.007	0.007	4.9	1.2	1.1	5905	84	0.17	0.09	29.9296	1.2876299999999998	1.47610091266533	0.01868419904486141	0.345121	9.458
4915148	1.04	0.11	0.12	2.48	0.1	0.11	0.09546239999999999	0.0023935999999999996	0.0023935999999999996	3.663	0.013	0.015	9.9	5.	2.9	4874	95	-0.2	0.3	85.5418	2.18266	1.9321783845909188	0.011081333264800968	0.324431	10.709
4918355	1.07	0.1	0.11	2.98	0.11	0.12	0.0567424	0.0012671999999999998	0.0012671999999999998	3.517	0.01	0.011	8.1	4.3	2.3	4931	145	-0.2	0.3	114.193	2.99642	2.0576394825915374	0.01139587077548135	0.433008	11.209
4947253	1.33	0.13	0.13	2.07	0.08	0.08	0.2110592	0.008307199999999999	0.008166399999999999	3.93	0.015	0.017	4.1	1.	0.9	6301	164	-0.2	0.3	48.5783	3.07399	1.686442312578261	0.02748175408414409	0.185074	11.06
5021689	1.22	0.08	0.07	1.79	0.04	0.04	0.2976512	0.006335999999999999	0.0064768	4.016	0.011	0.01	5.	0.6	0.6	6168	84	-0.08	0.09	36.1848	0.712893	1.5585261765437657	0.008556230684913412	0.132248	9.426
5033245	1.61	0.15	0.17	3.55	0.13	0.16	0.05111039999999999	0.0018303999999999998	0.0018303999999999998	3.546	0.012	0.013	2.6	0.8	0.6	5348	122	-0.2	0.3	96.50630000000001	3.31381	1.9845556653223233	0.01491269893339414	0.370174	10.906
5084157	1.14	0.11	0.16	1.4	0.05	0.08	0.5900928	0.031820799999999996	0.031257599999999996	4.202	0.018	0.019	5.	3.3	1.7	6054	137	-0.2	0.3	28.063299999999998	10.305399999999999	1.4481387389490306	0.159481541864491	0.798011	11.649
5095159	1.25	0.16	0.21	2.67	0.13	0.17	0.09264639999999999	0.0029567999999999994	0.0029567999999999994	3.682	0.016	0.023	5.1	2.9	1.3	5179	156	-0.2	0.3	78.258	4.943129999999999	1.8935287446627604	0.027432008003404396	0.714857	11.087
5110725	1.33	0.06	0.11	3.75	0.08	0.14	0.0356224	0.0009855999999999999	0.0009855999999999999	3.412	0.008	0.009	4.9	1.3	0.8	4885	91	-0.2	0.3	146.351	4.6072500000000005	2.1653956942655275	0.01367194793167629	0.557621	11.014
5184732	1.17	0.04	0.04	1.33	0.02	0.02	0.7006207999999999	0.0167552	0.016895999999999998	4.258	0.007	0.007	4.8	1.3	1.2	5840	84	0.38	0.09	29.8527	2.46064	1.4749836166068415	0.03579717660213038	0.570253	8.165
5214711	1.26	0.21	0.11	1.87	0.09	0.08	0.27765759999999995	0.0152064	0.014220799999999999	4.005	0.026	0.025	4.6	0.7	1.8	6420	167	-0.2	0.3	37.307	2.9932700000000003	1.5717903271477909	0.03484495252490274	0.230481	10.938
5253542	0.94	0.18	0.11	1.15	0.07	0.05	0.8890111999999999	0.0328064	0.0311168	4.298	0.025	0.021	8.6	4.3	4.6	5940	146	-0.2	0.3	24.7681	2.17366	1.3938926924492019	0.03811388614927355	0.0944088	10.548
5353186	1.52	0.14	0.16	2.28	0.09	0.1	0.1798016	0.008025599999999999	0.007884799999999999	3.9	0.015	0.013	2.9	0.9	0.8	6447	165	-0.2	0.3	43.661699999999996	1.82582	1.640100641273393	0.018161078266503483	0.226183	11.425
5390438	1.17	0.15	0.16	3.62	0.18	0.2	0.034918399999999995	0.0012671999999999998	0.0012671999999999998	3.39	0.014	0.016	6.	3.5	1.5	4940	108	-0.2	0.3	150.096	3.15055	2.17636911861852	0.009115942329977412	0.580745	10.538
5429911	1.38	0.25	0.24	3.19	0.21	0.22	0.05955839999999999	0.0026752	0.0026752	3.569	0.021	0.028	3.9	2.1	1.5	5263	118	-0.2	0.3	73.0673	1.92438	1.8637230594902028	0.011438052522605595	0.28865	9.386
5431807	1.47	0.15	0.16	3.25	0.14	0.15	0.0601216	0.0022528	0.0021119999999999997	3.579	0.01	0.011	3.3	1.1	0.8	5378	113	-0.2	0.3	57.974900000000005	1.73654	1.7632400082028985	0.013008556109700453	0.334407	10.647
5450445	1.39	0.07	0.06	1.99	0.04	0.04	0.24991999999999998	0.0057728	0.005632	3.985	0.009	0.009	3.9	0.6	0.6	6112	84	0.05	0.09	39.2903	3.4970700000000003	1.5942853448679821	0.0386547876658973	0.662604	9.777
5512589	1.09	0.05	0.05	1.65	0.03	0.03	0.3420032	0.0090112	0.008729599999999999	4.04	0.009	0.009	7.9	1.2	1.1	5750	84	0.06	0.09	42.6773	1.08868	1.6301969357713462	0.011078669844587923	0.171777	9.99
5516982	1.25	0.12	0.15	1.48	0.05	0.06	0.5408128	0.0184448	0.017881599999999997	4.193	0.016	0.019	3.	1.6	1.1	6481	163	-0.2	0.3	25.0138	5.37921	1.3981796730847542	0.09339489481801211	0.355126	9.799
5523099	1.26	0.11	0.12	2.39	0.09	0.1	0.130944	0.0057728	0.0057728	3.783	0.014	0.015	5.	0.8	0.8	5531	128	-0.2	0.3	61.9722	5.5416	1.792196913785646	0.03883493406584017	0.550951	11.64
5530375	1.4	0.13	0.13	2.77	0.1	0.1	0.092928	0.0039423999999999996	0.0039423999999999996	3.699	0.015	0.015	3.7	0.8	0.7	6106	134	-0.2	0.3	54.5303	2.11772	1.7366378869768664	0.016866111321891766	0.353387	10.367
5543462	1.21	0.14	0.18	1.39	0.06	0.07	0.63008	0.030271999999999997	0.029004799999999997	4.229	0.024	0.027	3.1	3.1	1.6	6347	181	-0.2	0.3	23.0559	2.04567	1.3627820798152308	0.038533442320404974	0.462963	11.113
5596656	1.14	0.13	0.12	3.67	0.17	0.17	0.0322432	0.0012671999999999998	0.0012671999999999998	3.362	0.01	0.01	5.9	2.	1.3	5094	84	-0.46	0.09	116.72200000000001	3.74743	2.067152720468005	0.013943285501608118	0.448088	9.469
5603483	1.27	0.1	0.12	3.62	0.11	0.14	0.0375936	0.0009855999999999999	0.0009855999999999999	3.422	0.01	0.012	5.4	1.6	1.	4912	85	-0.2	0.3	146.82799999999997	4.60584	2.16680888314098	0.013623361324333734	0.554405	11.07
5607242	1.32	0.1	0.1	2.48	0.08	0.09	0.12179199999999998	0.004787199999999999	0.0045056	3.768	0.011	0.011	4.6	0.7	0.6	5652	141	-0.2	0.3	62.51669999999999	3.09713	1.795996045328991	0.021515314607729107	0.246574	10.667
5629080	1.36	0.21	0.16	3.21	0.21	0.17	0.05786879999999999	0.0026752	0.0026752	3.559	0.012	0.012	4.	1.5	1.3	5263	143	-0.2	0.3	90.23349999999999	1.96664	1.9553678032194453	0.009465452408365087	0.338134	10.339
5683538	1.39	0.21	0.13	2.44	0.13	0.1	0.1357312	0.008025599999999999	0.007462399999999999	3.81	0.018	0.018	3.8	0.8	1.2	6386	167	-0.2	0.3	56.5951	7.2073	1.752778831628526	0.055306742446277264	0.219058	11.458
5686856	1.13	0.12	0.11	1.77	0.08	0.08	0.2862464	0.014643199999999999	0.014079999999999999	3.994	0.013	0.013	5.8	1.6	1.2	6087	130	-0.2	0.3	42.5287	1.4284000000000001	1.6286821075798743	0.01458653187025714	0.288044	10.479
5689820	1.13	0.1	0.11	2.32	0.09	0.1	0.12742399999999998	0.004364799999999999	0.0042239999999999995	3.759	0.011	0.012	7.	2.5	1.5	5071	97	-0.2	0.3	74.3398	2.08944	1.8712213883575919	0.012206546994583393	0.283729	11.299
5723165	1.38	0.14	0.16	2.78	0.12	0.13	0.090112	0.0039423999999999996	0.0038016	3.687	0.014	0.014	4.1	1.1	0.8	5367	112	-0.2	0.3	74.04570000000001	1.90996	1.8694998431341332	0.011202339753097543	0.285922	10.601
5773345	1.45	0.06	0.07	2.	0.03	0.03	0.25344	0.004787199999999999	0.004787199999999999	3.994	0.008	0.008	3.5	0.6	0.6	6130	84	0.21	0.09	39.5411	1.5944	1.597048746851328	0.017511883127847853	0.298366	9.157
5892169	1.5	0.12	0.16	3.15	0.11	0.13	0.0670208	0.0018303999999999998	0.0018303999999999998	3.614	0.01	0.012	3.2	1.1	0.7	5290	118	-0.2	0.3	80.71730000000001	2.19423	1.9069666262874192	0.01180591993323082	0.297527	9.906
5939450	1.53	0.1	0.09	2.88	0.07	0.06	0.08997119999999999	0.0025343999999999996	0.0023935999999999996	3.701	0.017	0.013	3.	0.6	0.6	6282	84	-0.18	0.09	74.1957	1.73446	1.8703787365406779	0.010152426718555306	0.498139	7.311
5950854	0.96	0.13	0.09	1.24	0.06	0.05	0.7162496	0.0249216	0.025484800000000002	4.237	0.015	0.015	9.5	3.8	3.7	5859	140	-0.2	0.3	19.099899999999998	4.43247	1.281031093448676	0.10078572464786237	0.179439	10.961
5955122	1.18	0.06	0.06	2.09	0.05	0.05	0.18360319999999997	0.006335999999999999	0.0061952	3.872	0.009	0.009	5.4	0.6	0.4	5837	84	-0.17	0.09	51.1675	4.83441	1.7089941982359749	0.04103303046382761	0.925083	9.281
6035199	1.02	0.22	0.14	3.21	0.24	0.18	0.0432256	0.0016895999999999997	0.0015488	3.434	0.021	0.02	8.7	4.7	3.5	5046	101	-0.2	0.3	113.126	2.45659	2.0535624312635345	0.009430930831981236	0.444097	10.924
6047087	1.16	0.12	0.15	1.35	0.05	0.06	0.6737279999999999	0.0216832	0.021964799999999996	4.245	0.015	0.018	3.8	2.6	1.6	6195	152	-0.2	0.3	21.9588	2.03374	1.3416086031907153	0.04022269247982218	0.115658	10.412
6049366	1.23	0.16	0.14	1.84	0.1	0.09	0.2762496	0.018585599999999997	0.0180224	3.996	0.022	0.023	4.8	1.3	1.3	6225	167	-0.2	0.3	31.7975	2.59225	1.5023929759943286	0.03540529509281247	0.283311	11.192
6106415	1.09	0.05	0.05	1.23	0.02	0.02	0.8194559999999999	0.008166399999999999	0.008025599999999999	4.293	0.008	0.008	5.1	1.5	1.4	5990	84	-0.09	0.09	21.838199999999997	16.4512	1.3392168390563557	0.32716365729257796	0.0940044	7.179
6116048	1.	0.06	0.05	1.21	0.03	0.03	0.7883391999999999	0.0184448	0.018585599999999997	4.269	0.008	0.008	7.6	1.9	1.8	5935	84	-0.24	0.09	22.3155	1.63816	1.3486066220664534	0.031881152045646795	0.207181	8.418
6119013	1.4	0.28	0.42	3.32	0.3	0.49	0.0543488	0.0064768	0.005068799999999999	3.536	0.02	0.018	3.6	7.2	1.6	5303	462	-0.2	0.3	89.70060000000001	4.97685	1.9527953480141884	0.02409592011937711	0.819354	11.217
6129877	1.16	0.11	0.16	1.36	0.04	0.07	0.650496	0.021824	0.0212608	4.234	0.015	0.018	4.4	2.8	1.7	6089	149	-0.2	0.3	21.4154	2.36146	1.3307261906247378	0.04788932484264842	0.149327	10.122
6145937	1.12	0.15	0.12	2.32	0.13	0.11	0.12629759999999998	0.0060544	0.005913599999999999	3.757	0.014	0.014	5.8	1.6	1.1	5546	135	-0.2	0.3	45.9856	1.11002	1.6626218573423188	0.01048318518845568	0.178344	10.121
6225718	1.17	0.04	0.05	1.24	0.01	0.02	0.8578943999999998	0.008729599999999999	0.0085888	4.316	0.007	0.007	2.6	0.9	0.8	6230	84	-0.17	0.09	18.0656	0.933781	1.256852390059143	0.02244796384322139	0.117554	7.501
6287060	1.08	0.14	0.13	1.47	0.07	0.07	0.4854784	0.0188672	0.018585599999999997	4.141	0.019	0.02	6.7	3.7	2.2	5935	151	-0.2	0.3	27.8793	6.36892	1.445281865195203	0.09921292183387884	0.766653	10.299
6290627	1.34	0.25	0.14	3.68	0.27	0.16	0.0377344	0.001408	0.0015488	3.432	0.014	0.013	4.2	1.4	1.7	5167	114	-0.2	0.3	126.08500000000001	4.25665	2.1006634227767713	0.014661851975996166	0.477287	10.973
6308642	1.32	0.1	0.12	2.39	0.08	0.09	0.13516799999999998	0.005068799999999999	0.005068799999999999	3.798	0.013	0.013	4.7	0.7	0.6	5804	133	-0.2	0.3	60.211099999999995	1.9484000000000001	1.7796765614301389	0.014053544421880615	0.250534	10.661
6363365	0.95	0.19	0.16	1.34	0.08	0.07	0.557568	0.022105599999999996	0.019852799999999997	4.163	0.029	0.026	10.5	8.8	6.1	5872	658	-0.2	0.3	17.0257	7.86456	1.2311049766722086	0.20061054820636084	0.644981	11.222
6370489	1.3	0.12	0.13	2.08	0.08	0.08	0.20444159999999997	0.007884799999999999	0.007462399999999999	3.917	0.013	0.015	4.3	0.9	0.7	6324	144	-0.2	0.3	42.0794	1.14276	1.6240695386897204	0.01179423571010423	0.158179	8.729
6430804	1.13	0.12	0.11	3.2	0.14	0.14	0.0487168	0.0016895999999999997	0.0016895999999999997	3.482	0.009	0.01	5.9	2.2	1.1	5114	98	-0.2	0.3	115.84700000000001	2.96824	2.06388479168391	0.011127523828536847	0.441037	11.446
6442183	1.08	0.05	0.05	1.71	0.03	0.03	0.3052544	0.005632	0.005632	4.006	0.009	0.008	7.8	1.2	1.1	5760	84	-0.11	0.09	44.6135	1.9068	1.6494662956706838	0.01856193121125042	0.168457	8.52
6450651	1.11	0.17	0.23	1.72	0.12	0.13	0.307648	0.022950399999999996	0.0216832	4.01	0.029	0.03	6.5	7.	2.3	5965	537	-0.2	0.3	42.4098	2.67658	1.62746622437904	0.02740932341988422	0.135801	10.414
6505044	1.28	0.1	0.11	3.77	0.11	0.14	0.0336512	0.0009855999999999999	0.0009855999999999999	3.391	0.009	0.009	5.3	1.4	1.	4897	84	-0.2	0.3	138.284	3.7336	2.1407719334448743	0.011725737450709995	0.535647	11.01
6508366	1.41	0.08	0.09	2.13	0.05	0.05	0.20486399999999996	0.006335999999999999	0.0060544	3.928	0.011	0.011	3.6	0.7	0.6	6354	84	-0.08	0.09	44.8711	5.98247	1.6519667162474585	0.057902607895766914	0.869356	8.972
6520835	1.39	0.15	0.11	2.18	0.09	0.07	0.1897984	0.006335999999999999	0.006335999999999999	3.907	0.013	0.017	3.7	1.1	0.7	6221	163	-0.2	0.3	41.3196	2.28499	1.6161561086212128	0.024016654280392635	0.433816	10.043
6529109	1.35	0.08	0.22	1.91	0.05	0.11	0.2706176	0.009151999999999999	0.008870399999999999	4.	0.012	0.023	4.4	2.9	0.7	5806	141	-0.2	0.3	46.05	5.0921400000000006	1.6632296345328677	0.048023633074458734	0.186052	11.068
6530901	1.28	0.12	0.19	1.55	0.05	0.07	0.47787519999999994	0.0201344	0.019148799999999997	4.159	0.02	0.025	3.2	1.9	1.1	6438	153	-0.2	0.3	26.9303	1.34981	1.4302411914218658	0.02176786127959318	0.538045	10.21
6531928	1.	0.14	0.14	2.68	0.15	0.15	0.07321599999999999	0.0029567999999999994	0.002816	3.582	0.016	0.016	8.	5.3	2.4	5226	117	-0.2	0.3	89.0663	3.80172	1.9497134111912051	0.018537494178395536	0.345967	10.698
6587236	1.45	0.16	0.14	3.01	0.17	0.15	0.07532799999999999	0.0064768	0.0061952	3.644	0.021	0.021	3.3	0.8	0.8	6110	144	-0.2	0.3	62.968300000000006	1.90844	1.7991219685031845	0.013162574835964157	0.269549	11.06
6592305	1.54	0.09	0.2	2.34	0.06	0.11	0.16769279999999998	0.005913599999999999	0.004646399999999999	3.881	0.01	0.02	3.	1.4	0.3	6144	139	-0.2	0.3	45.32449999999999	1.6227399999999998	1.6563330218477736	0.015548920066711885	0.349346	9.952
6593461	0.98	0.18	0.17	1.31	0.08	0.07	0.6231808	0.030835199999999997	0.030131199999999997	4.197	0.034	0.028	9.3	8.1	5.6	5832	415	-0.2	0.3	26.4709	5.4614	1.422768707390846	0.08960238916948118	0.344652	11.336
6593620	1.	0.13	0.13	1.59	0.09	0.08	0.3451008	0.023795199999999996	0.022809599999999996	4.029	0.025	0.023	10.	3.5	2.8	5680	137	-0.2	0.3	39.8676	2.05053	1.6006200922430567	0.02233728300617732	0.154048	11.342
6603624	1.03	0.06	0.06	1.16	0.03	0.03	0.9247744	0.0240768	0.023795199999999996	4.32	0.008	0.008	7.9	2.4	2.2	5625	84	0.28	0.09	24.4862	1.5145499999999998	1.388921392430526	0.02686250653701146	0.0654774	9.087
6605673	1.24	0.13	0.1	1.71	0.06	0.06	0.3524224	0.010559999999999998	0.0102784	4.068	0.016	0.015	4.5	1.	1.3	6283	151	-0.2	0.3	31.0472	1.61076	1.4920224393151291	0.022531635048264637	0.0735372	11.039
6612225	1.37	0.1	0.14	1.9	0.06	0.07	0.28188159999999995	0.0102784	0.009715199999999998	4.016	0.013	0.014	3.4	1.3	0.7	6463	159	-0.2	0.3	31.8216	1.52979	1.502722012321926	0.02087825110839102	0.362096	10.432
6671492	1.56	0.11	0.21	2.5	0.1	0.13	0.138688	0.0061952	0.0057728	3.828	0.012	0.014	2.8	1.2	0.4	6331	149	-0.2	0.3	51.5152	1.97166	1.7119353902479417	0.016621910779524598	0.191267	11.283
6679371	1.44	0.07	0.08	2.16	0.05	0.04	0.20078079999999998	0.005632	0.0053504	3.925	0.01	0.009	3.4	0.6	0.6	6260	84	-0.13	0.09	50.8563	1.54897	1.7063447603218869	0.013227645810522588	0.460459	8.728
6688822	1.18	0.11	0.15	2.15	0.09	0.12	0.16628479999999998	0.008025599999999999	0.0071808	3.842	0.013	0.014	5.7	1.3	0.7	5621	121	-0.2	0.3	47.620200000000004	1.16855	1.6777912150653747	0.010657133250764273	0.277166	10.13
6689943	1.24	0.1	0.1	1.51	0.05	0.05	0.502656	0.0171776	0.017318399999999998	4.17	0.014	0.015	4.1	1.4	1.2	6092	141	-0.2	0.3	26.2971	3.2883	1.419907857864655	0.054306008831485716	0.565882	10.242
6693861	1.16	0.14	0.14	2.17	0.1	0.13	0.1616384	0.008870399999999999	0.007462399999999999	3.834	0.015	0.017	5.5	1.4	0.7	5798	134	-0.2	0.3	54.2034	5.95502	1.734026529249205	0.0477134704764554	0.205936	11.49
6766513	1.35	0.16	0.12	2.11	0.08	0.08	0.2026112	0.009292799999999999	0.008870399999999999	3.92	0.02	0.019	4.	0.9	1.2	6452	165	-0.2	0.3	43.6147	3.45679	1.6396328895645091	0.0344210741355172	0.235343	11.37
6802438	1.25	0.17	0.17	2.7	0.14	0.14	0.0895488	0.0038016	0.0035199999999999997	3.672	0.016	0.017	4.8	1.5	1.2	5442	122	-0.2	0.3	75.7382	5.41715	1.8793149794307449	0.03106277086915454	0.706175	10.673
6806100	1.19	0.09	0.12	2.09	0.09	0.1	0.1834624	0.015910399999999998	0.015065599999999998	3.871	0.025	0.025	6.3	1.3	0.9	5497	145	-0.2	0.3	43.4631	4.08117	1.6381206990871278	0.04078010106755143	0.374798	11.307
6837853	1.14	0.11	0.17	1.37	0.05	0.07	0.6134655999999999	0.021824	0.0212608	4.213	0.017	0.021	5.2	3.7	1.9	6046	147	-0.2	0.3	36.1589	5.88099	1.5582152102105018	0.07063493372664004	0.13027	11.036
6848299	0.91	0.19	0.12	1.77	0.16	0.12	0.2349952	0.0208384	0.021542399999999996	3.909	0.017	0.017	12.3	4.3	4.4	5342	104	-0.2	0.3	51.2306	1.21242	1.709529442254698	0.0102779845590163	0.189902	11.335
6933899	1.21	0.05	0.14	1.63	0.04	0.06	0.39240959999999997	0.0099968	0.0099968	4.092	0.009	0.013	5.4	2.5	0.8	5860	84	0.02	0.09	37.889199999999995	6.99772	1.5785154355929287	0.08020943123380866	0.154704	9.618
6947945	1.15	0.16	0.19	2.24	0.15	0.19	0.1441792	0.0123904	0.0102784	3.796	0.01	0.01	5.9	3.2	1.1	5459	123	-0.2	0.3	63.7016	10.1927	1.804150340693975	0.06949014413602289	0.432402	11.03
7019341	0.99	0.2	0.12	1.4	0.1	0.08	0.5137792	0.036326399999999995	0.035481599999999995	4.148	0.021	0.021	9.8	4.1	4.2	5763	130	-0.2	0.3	32.57899999999999	2.7724300000000004	1.5129377496733163	0.03695788853135555	0.141337	11.499
7038145	1.57	0.11	0.23	2.48	0.08	0.12	0.14319359999999998	0.0052096	0.004646399999999999	3.839	0.013	0.019	2.7	1.3	0.5	6319	153	-0.2	0.3	51.4229	3.32337	1.7111565650817022	0.02806767514711947	0.212257	11.601
7107778	1.35	0.17	0.14	2.92	0.14	0.12	0.0761728	0.002816	0.002816	3.637	0.014	0.014	4.6	1.2	1.3	5045	105	-0.2	0.3	58.015	2.61939	1.7635402965800442	0.01960849130315537	0.2313	11.379
7174470	1.44	0.17	0.15	2.28	0.1	0.09	0.1705088	0.0076032	0.007743999999999999	3.88	0.017	0.022	3.4	1.1	1.	6349	165	-0.2	0.3	50.1238	4.35916	1.7000439884289045	0.03776966498416678	0.232223	10.769
7206837	1.37	0.06	0.07	1.59	0.03	0.03	0.47703039999999997	0.0152064	0.0152064	4.169	0.011	0.011	2.6	0.7	0.5	6304	84	0.14	0.09	27.0678	1.55019	1.4324529588851243	0.02487231924654393	0.911849	9.769
7264595	1.33	0.15	0.14	2.72	0.15	0.14	0.09320959999999999	0.0071808	0.007039999999999999	3.693	0.018	0.019	4.2	0.9	0.8	5847	138	-0.2	0.3	67.5515	1.9253799999999999	1.8296349970958743	0.012378435853635862	0.255631	11.263
7282890	1.52	0.1	0.13	2.36	0.06	0.07	0.16290559999999998	0.004928	0.004928	3.873	0.012	0.013	3.	0.9	0.6	6384	84	0.02	0.09	58.344899999999996	2.1056299999999997	1.766002899821688	0.015673409157097605	0.959036	9.066
7296438	0.97	0.19	0.11	1.33	0.08	0.06	0.5876992	0.029990399999999997	0.0287232	4.183	0.027	0.024	9.2	3.7	4.2	5914	131	-0.2	0.3	31.3244	2.53213	1.4958827610968428	0.03510650120869613	0.351678	10.087
7341231	0.9	0.16	0.11	2.69	0.2	0.14	0.0644864	0.0029567999999999994	0.0036607999999999996	3.531	0.013	0.011	12.4	5.5	5.6	5215	215	-0.2	0.3	70.6313	8.93671	1.8489971997048091	0.05494963053730584	0.345169	9.91
7376493	0.97	0.12	0.11	1.49	0.08	0.07	0.41465599999999997	0.020697599999999997	0.0201344	4.079	0.018	0.017	10.3	3.5	3.	5783	137	-0.2	0.3	33.454499999999996	2.7498299999999998	1.5244545434408672	0.03569732009660939	0.130106	11.528
7383120	1.24	0.12	0.13	1.45	0.05	0.07	0.5747456	0.030694399999999997	0.029004799999999997	4.208	0.018	0.018	3.2	1.8	1.2	6264	143	-0.2	0.3	23.767	2.0358799999999997	1.3759743661761916	0.03720164302676788	0.126791	10.902
7386523	1.29	0.23	0.16	2.16	0.12	0.11	0.17966079999999998	0.013516799999999997	0.013798399999999999	3.877	0.029	0.026	4.7	1.	1.5	6111	153	-0.2	0.3	51.1166	4.1347	1.7085619591889754	0.03512904603055319	0.572228	11.657
7429287	1.05	0.2	0.09	1.57	0.1	0.06	0.38199039999999995	0.014924799999999998	0.0143616	4.069	0.016	0.013	8.9	2.6	3.7	5707	135	-0.2	0.3	34.9767	5.98227	1.5437788320323953	0.07427993064684106	0.195023	11.443
7448374	1.28	0.12	0.26	2.31	0.08	0.27	0.149248	0.0223872	0.0060544	3.827	0.01	0.014	5.	1.9	0.7	5822	137	-0.2	0.3	63.386300000000006	4.95396	1.8019954017722757	0.03394231074489965	0.866046	10.192
7534011	1.07	0.13	0.13	1.8	0.1	0.1	0.257664	0.016473599999999998	0.015910399999999998	3.955	0.014	0.013	8.	2.6	1.7	5672	129	-0.2	0.3	35.763200000000005	1.63919	1.5534363714260315	0.01990568997715504	0.144725	10.515
7584900	1.26	0.1	0.11	3.64	0.12	0.14	0.036607999999999995	0.0011264	0.0009855999999999999	3.414	0.008	0.009	5.5	1.7	1.	4891	92	-0.2	0.3	129.62199999999999	3.8445300000000002	2.1126787181066615	0.012880978263809451	0.510539	11.301
7591963	1.31	0.09	0.19	1.9	0.06	0.09	0.2638592	0.0090112	0.008870399999999999	3.989	0.014	0.022	4.4	2.	0.6	6019	147	-0.2	0.3	44.8966	2.84461	1.6522134533162796	0.0275165252194333	0.191611	11.55
7611858	1.12	0.15	0.15	1.54	0.07	0.08	0.43310079999999995	0.0216832	0.0208384	4.112	0.022	0.025	6.1	3.5	1.9	5966	150	-0.2	0.3	33.8474	3.5725100000000003	1.529525313818195	0.045838716697418	0.242252	11.187
7628676	1.53	0.12	0.15	3.24	0.11	0.14	0.0637824	0.0022528	0.0022528	3.603	0.009	0.011	3.	0.9	0.6	5324	109	-0.2	0.3	80.0234	2.20516	1.9032169995532184	0.011967609720578915	0.367067	10.755
7680114	1.12	0.08	0.06	1.43	0.04	0.03	0.5415168	0.014924799999999998	0.014784	4.178	0.01	0.01	6.5	1.6	1.5	5855	84	0.11	0.09	31.5512	2.60539	1.4990158815981416	0.03586255040080608	0.153428	10.066
7700968	0.91	0.15	0.1	1.17	0.07	0.05	0.7952383999999999	0.0432256	0.041536	4.261	0.02	0.02	11.6	4.5	4.9	5762	131	-0.2	0.3	20.372500000000002	3.5823	1.3090443264760734	0.07636633317079489	0.152151	10.354
7739672	1.29	0.12	0.15	1.75	0.06	0.08	0.3355264	0.015769599999999998	0.015487999999999998	4.058	0.02	0.022	4.1	1.3	1.1	6233	152	-0.2	0.3	33.4857	3.82765	1.5248593820525407	0.04964290051147152	0.618144	10.92
7747078	1.1	0.06	0.06	1.93	0.04	0.04	0.21443839999999997	0.004364799999999999	0.004364799999999999	3.907	0.01	0.01	6.5	0.8	0.8	5840	84	-0.26	0.09	44.799	1.62418	1.6512683198166926	0.01574527135912908	0.519968	9.47
7799349	1.55	0.08	0.18	2.96	0.07	0.14	0.0839168	0.0023935999999999996	0.0021119999999999997	3.682	0.007	0.01	3.3	1.4	0.5	5115	84	0.41	0.09	84.9428	3.9330299999999996	1.9291265726954774	0.020108746428890337	0.491958	9.473
7799430	0.98	0.17	0.11	2.66	0.17	0.14	0.07420159999999999	0.0032384	0.0032384	3.585	0.014	0.013	10.2	4.7	4.2	4994	103	-0.2	0.3	101.22200000000001	4.1157	2.0052749140870025	0.017658471470324764	0.377565	10.637
7800289	1.48	0.1	0.1	2.86	0.08	0.08	0.0891264	0.0033791999999999993	0.0032384	3.694	0.015	0.014	3.2	0.6	0.6	6354	84	-0.23	0.09	76.26620000000001	2.1933	1.8823321079968887	0.012489649243811834	0.520569	9.53
7833440	1.16	0.13	0.11	1.7	0.07	0.06	0.33073919999999996	0.0121088	0.011968	4.039	0.019	0.016	5.	1.2	1.2	6354	162	-0.2	0.3	31.008399999999998	2.86967	1.4914793576885343	0.04019174952217156	0.108108	11.067
7870112	1.03	0.24	0.12	1.59	0.11	0.07	0.3673472	0.014924799999999998	0.014924799999999998	4.054	0.029	0.02	9.	3.	3.9	5719	131	-0.2	0.3	49.9606	4.6767900000000004	1.6986276453771267	0.04065411724479508	0.526106	10.826
7871531	0.8	0.04	0.03	0.86	0.02	0.02	1.7870336	0.09208319999999999	0.0829312	4.477	0.017	0.015	12.4	3.2	3.6	5400	84	-0.24	0.09	16.428600000000003	2.81144	1.215600555633449	0.07432117637547192	0.240575	9.253
7880676	1.38	0.14	0.17	2.07	0.08	0.09	0.22105599999999997	0.007884799999999999	0.007743999999999999	3.95	0.015	0.022	3.8	1.6	0.7	6050	180	-0.2	0.3	33.3092	15.397599999999999	1.5225642021970986	0.2007581303229591	0.173807	10.896
7910848	1.22	0.16	0.15	1.61	0.07	0.07	0.41099519999999995	0.017318399999999998	0.017318399999999998	4.11	0.024	0.025	4.	1.9	1.2	6325	155	-0.2	0.3	32.4066	3.30192	1.5106334685917293	0.044250419225897966	0.675959	11.105
7914731	1.45	0.16	0.13	2.79	0.15	0.12	0.09461759999999998	0.0066175999999999995	0.0061952	3.711	0.022	0.021	3.4	0.8	0.8	6158	174	-0.2	0.3	58.007400000000004	9.17554	1.7634834000140849	0.06869617308278879	0.514689	11.498
7940546	1.31	0.08	0.07	1.92	0.04	0.04	0.25991679999999995	0.0053504	0.0052096	3.987	0.009	0.009	4.2	0.7	0.7	6264	84	-0.19	0.09	35.7271	1.3934900000000001	1.5529977655695926	0.01693910274238218	0.219199	7.397
7976303	1.06	0.06	0.05	1.96	0.05	0.04	0.2003584	0.0045056	0.004928	3.882	0.009	0.008	6.2	0.7	0.8	6053	84	-0.53	0.09	44.9605	1.18026	1.6528311323215363	0.01140068293749251	0.161237	9.015
8012842	0.98	0.18	0.1	1.26	0.07	0.06	0.695552	0.0347776	0.034636799999999995	4.234	0.024	0.024	8.1	3.8	3.8	5961	144	-0.2	0.3	26.2265	11.6708	1.41874033664036	0.19326116864226914	0.143665	10.644
8018599	1.55	0.16	0.15	3.33	0.11	0.12	0.05955839999999999	0.0025343999999999996	0.0025343999999999996	3.584	0.019	0.018	2.8	0.7	0.6	6145	144	-0.2	0.3	78.8914	3.14899	1.8970296630812755	0.017335083172164784	0.472706	10.667
8019508	1.47	0.27	0.13	2.62	0.18	0.13	0.11700479999999998	0.008870399999999999	0.008729599999999999	3.776	0.021	0.021	3.3	0.8	1.3	6399	160	-0.2	0.3	56.516200000000005	2.58383	1.7521729533443988	0.019855247011937797	0.296359	10.527
8026226	1.45	0.08	0.08	2.83	0.06	0.06	0.08997119999999999	0.002816	0.002816	3.695	0.011	0.011	3.4	0.6	0.6	6230	84	-0.16	0.09	64.00609999999999	1.72841	1.8062213657041506	0.011727615422067574	0.489029	8.428
8027956	1.17	0.16	0.15	1.72	0.09	0.09	0.32144639999999997	0.016191999999999998	0.015628799999999998	4.032	0.022	0.024	5.5	2.2	1.4	6027	149	-0.2	0.3	42.7577	2.00492	1.6310143358217393	0.02036418452483336	0.225216	11.636
8045442	1.45	0.16	0.14	3.01	0.11	0.11	0.07532799999999999	0.0030976	0.0029567999999999994	3.644	0.019	0.018	3.3	0.8	0.8	6088	145	-0.2	0.3	69.8831	4.11917	1.8443721619524553	0.02559893308999483	0.274745	11.013
8106950	1.07	0.12	0.13	1.71	0.08	0.08	0.30272	0.014643199999999999	0.0139392	4.002	0.02	0.018	7.	2.4	1.7	5951	140	-0.2	0.3	34.5817	5.22562	1.5388463389226317	0.06562597936258976	0.168166	11.661
8114155	1.05	0.17	0.12	1.54	0.08	0.07	0.40606719999999996	0.017740799999999998	0.017318399999999998	4.087	0.021	0.02	7.6	2.8	2.7	5920	140	-0.2	0.3	38.5347	3.9934100000000003	1.5858519822696924	0.045006602542053395	0.419695	11.245
8150065	1.22	0.12	0.13	1.41	0.05	0.06	0.6044544	0.023654399999999996	0.022809599999999996	4.22	0.016	0.017	3.3	2.	1.3	6275	157	-0.2	0.3	22.5035	4.17206	1.3522500697768873	0.08051648126599333	0.145618	10.743
8172589	1.12	0.16	0.16	2.13	0.14	0.13	0.16290559999999998	0.014220799999999999	0.0139392	3.829	0.023	0.026	6.2	2.9	1.2	5604	204	-0.2	0.3	34.1846	4.70411	1.533830502509887	0.05976284687449628	0.177789	11.7
8174170	1.3	0.23	0.17	2.2	0.15	0.14	0.1713536	0.012249599999999998	0.012671999999999998	3.865	0.017	0.017	4.6	1.	1.6	6114	140	-0.2	0.3	44.2183	2.85307	1.645602041842621	0.028021714029795596	0.190897	11.669
8174981	1.38	0.13	0.14	2.05	0.08	0.08	0.22443519999999997	0.009292799999999999	0.008870399999999999	3.952	0.014	0.016	3.9	1.	0.8	6164	148	-0.2	0.3	40.2954	2.06411	1.605255471236861	0.02224649917959174	0.554576	10.638
8176564	1.2	0.11	0.12	1.55	0.05	0.06	0.45562879999999994	0.016332799999999998	0.0152064	4.137	0.014	0.014	4.5	1.8	1.2	6124	145	-0.2	0.3	35.3127	19.281	1.5479309248775075	0.23712805606981616	0.220453	10.338
8179536	1.28	0.06	0.07	1.37	0.03	0.03	0.7028735999999999	0.026188799999999995	0.0257664	4.272	0.012	0.012	2.	0.9	0.7	6344	84	0.01	0.09	21.950899999999997	1.48025	1.3414523312761242	0.029286471481228035	0.441196	9.461
8179643	1.36	0.13	0.14	1.97	0.09	0.09	0.24851199999999998	0.014079999999999999	0.013094399999999997	3.978	0.016	0.016	3.8	1.1	0.9	6358	151	-0.2	0.3	25.5494	2.98316	1.4073807056547314	0.05070842863763941	0.0911498	11.179
8179973	1.34	0.09	0.13	3.61	0.1	0.13	0.040128	0.0008447999999999998	0.0008447999999999998	3.449	0.011	0.011	4.4	1.2	0.9	5041	99	-0.2	0.3	123.315	5.2181	2.0910159072608296	0.01837726177690758	0.461253	10.266
8228742	1.29	0.06	0.14	1.84	0.04	0.06	0.2892032	0.0066175999999999995	0.006758399999999999	4.016	0.008	0.014	4.5	1.2	0.6	6042	84	-0.14	0.09	36.7335	3.5555399999999997	1.5650623102747636	0.04203659880453231	0.300999	9.369
8241455	1.4	0.23	0.12	2.46	0.12	0.09	0.13305599999999998	0.0045056	0.004364799999999999	3.804	0.021	0.017	3.8	0.8	1.3	6308	143	-0.2	0.3	47.7324	2.05443	1.6788132713776072	0.01869228474697475	0.172463	10.475
8289241	1.11	0.14	0.14	1.32	0.07	0.07	0.6769664	0.0368896	0.0364672	4.24	0.02	0.022	4.3	3.	1.9	6301	156	-0.2	0.3	19.5273	1.85502	1.2906421984254082	0.04125634111321944	0.31927	10.395
8298626	1.12	0.09	0.15	1.35	0.04	0.07	0.6357119999999999	0.0222464	0.0223872	4.221	0.014	0.017	5.4	3.4	1.8	6024	151	-0.2	0.3	17.8754	7.63224	1.2522557688422982	0.18543024024979998	0.647657	9.967
8321567	1.06	0.19	0.11	1.59	0.09	0.07	0.37551359999999995	0.0121088	0.0121088	4.063	0.023	0.018	7.8	2.6	2.8	5884	131	-0.2	0.3	39.777	2.8857399999999997	1.5996320253299823	0.0315071764639739	0.147352	10.794
8377423	1.37	0.22	0.2	2.04	0.12	0.12	0.22584319999999997	0.0235136	0.022528	3.951	0.038	0.039	3.8	2.	1.7	6390	534	-0.2	0.3	36.536	4.81499	1.5627209985989439	0.05723460661865935	0.414344	11.489
8391021	1.29	0.1	0.11	1.54	0.05	0.05	0.4950528	0.016895999999999998	0.016191999999999998	4.171	0.012	0.013	3.	1.	0.9	6409	162	-0.2	0.3	29.8276	2.13766	1.4746183103956298	0.031124661125444392	0.242658	10.312
8394589	0.98	0.07	0.07	1.15	0.03	0.03	0.9060479999999999	0.029990399999999997	0.029568	4.307	0.013	0.013	6.5	2.1	2.	6114	84	-0.36	0.09	19.418000000000003	1.52048	1.2882044967515227	0.034006389630459176	0.116475	9.522
8408931	1.63	0.22	0.17	2.94	0.12	0.13	0.0906752	0.0035199999999999997	0.0035199999999999997	3.715	0.018	0.02	2.6	0.7	0.9	6391	153	-0.2	0.3	64.8431	3.76316	1.8118637692966393	0.025204217912453922	0.520804	10.306
8414062	1.31	0.12	0.19	1.69	0.07	0.08	0.37354239999999994	0.0205568	0.020416	4.089	0.024	0.028	3.5	1.8	0.9	6426	160	-0.2	0.3	24.585900000000002	2.9480600000000003	1.3906861108519095	0.05207562832028522	0.468236	10.895
8420801	1.35	0.1	0.19	1.74	0.07	0.08	0.3545344	0.018585599999999997	0.0184448	4.079	0.019	0.022	3.2	1.6	0.8	6494	162	-0.2	0.3	29.9406	3.46049	1.4762604992160577	0.05019511004059316	0.430126	11.044
8424992	0.96	0.11	0.12	1.06	0.05	0.05	1.1269631999999998	0.05477119999999999	0.05308159999999999	4.366	0.017	0.017	8.1	4.7	3.8	5805	139	-0.2	0.3	19.913899999999998	2.73942	1.2991563219367068	0.059742942849738426	0.0868425	10.319
8493735	1.36	0.14	0.15	2.57	0.11	0.11	0.11165439999999999	0.005491199999999999	0.0053504	3.747	0.015	0.015	4.1	0.9	0.7	6073	143	-0.2	0.3	63.062400000000004	2.16083	1.7997704949073265	0.014881078825591849	0.329844	10.073
8493800	1.26	0.11	0.12	1.48	0.05	0.05	0.5461632	0.0242176	0.0226688	4.196	0.018	0.019	3.3	1.5	1.2	6209	152	-0.2	0.3	31.038	3.48912	1.491893728792726	0.04882097953148637	0.707901	10.695
8499940	1.17	0.16	0.14	1.66	0.07	0.08	0.3617152	0.011827199999999998	0.0116864	4.067	0.02	0.022	5.2	2.4	1.3	6068	140	-0.2	0.3	37.0516	3.57905	1.5688069668677762	0.04195126972805043	0.13758	11.473
8516041	1.17	0.13	0.15	1.33	0.06	0.07	0.7013248	0.039705599999999994	0.038860799999999994	4.257	0.02	0.021	3.1	2.5	1.5	6407	152	-0.2	0.3	23.2447	2.8807400000000003	1.3663239454777925	0.05382256969537028	0.211043	10.684
8524425	1.15	0.05	0.05	1.84	0.03	0.04	0.2603392	0.0061952	0.0061952	3.969	0.008	0.008	7.1	0.9	0.7	5634	84	0.14	0.09	53.375	5.406840000000001	1.72733788803308	0.04399364452522301	0.585025	9.746
8547279	1.14	0.43	0.25	3.18	0.39	0.31	0.0505472	0.0042239999999999995	0.0040831999999999995	3.496	0.031	0.032	6.3	7.8	3.6	5055	214	-0.2	0.3	102.897	2.6936299999999997	2.0124027129311544	0.011368928591592135	0.392315	11.242
8561221	1.48	0.1	0.14	3.17	0.09	0.12	0.065472	0.0018303999999999998	0.0018303999999999998	3.604	0.011	0.012	3.3	1.1	0.7	5245	84	-0.06	0.09	83.4511	2.6832700000000003	1.9214320656501551	0.01396421802057179	0.596974	9.885
8574769	0.99	0.13	0.12	1.54	0.08	0.07	0.38199039999999995	0.0167552	0.0167552	4.057	0.02	0.017	10.5	3.4	3.	5661	123	-0.2	0.3	41.3009	5.82797	1.6159595155976831	0.061283294351883226	0.392261	11.191
8621637	1.15	0.21	0.13	1.88	0.1	0.09	0.2448512	0.011264	0.010982399999999998	3.951	0.021	0.017	6.3	1.8	2.1	5843	135	-0.2	0.3	51.5385	3.1179200000000002	1.7121317744942282	0.02627347421860914	0.43551	11.582
8656342	1.16	0.22	0.1	1.64	0.08	0.06	0.388608	0.017318399999999998	0.016051199999999998	4.092	0.026	0.024	4.7	1.4	1.9	6317	152	-0.2	0.3	48.1078	4.856199999999999	1.6822154967964225	0.04383947848412464	0.340327	10.905
8694723	1.02	0.08	0.07	1.49	0.04	0.04	0.43521279999999996	0.0104192	0.009715199999999998	4.101	0.014	0.012	6.8	1.5	1.6	6120	84	-0.59	0.09	28.6499	4.3999299999999995	1.4571231104386972	0.06669710259933105	0.127915	8.878
8696343	1.08	0.11	0.14	1.17	0.05	0.06	0.9426559999999999	0.049702399999999994	0.04759039999999999	4.331	0.017	0.018	4.4	3.5	2.2	6071	138	-0.2	0.3	18.439500000000002	3.74522	1.2657491406772106	0.08820891995518841	0.297354	10.728
8702606	1.3	0.06	0.07	2.49	0.05	0.06	0.11813119999999999	0.0032384	0.0030976	3.757	0.007	0.007	4.7	0.5	0.5	5540	84	-0.09	0.09	65.2283	1.23793	1.81443605995373	0.008242222593299112	0.307493	9.292
8738809	1.5	0.08	0.17	2.25	0.06	0.08	0.18219519999999997	0.0052096	0.0052096	3.9	0.011	0.015	3.3	1.3	0.5	6090	84	0.11	0.09	47.8645	26.5545	1.6800135265652862	0.24094000396326926	0.200858	9.937
8751420	1.34	0.06	0.07	2.74	0.06	0.06	0.0919424	0.0019711999999999998	0.0019711999999999998	3.689	0.007	0.007	4.4	0.7	0.6	5264	84	-0.15	0.09	74.2051	4.1482	1.870433754682566	0.024277851115773297	0.296904	6.911
8776961	1.25	0.1	0.18	1.76	0.07	0.1	0.31553279999999995	0.012671999999999998	0.0121088	4.033	0.013	0.016	4.9	2.7	0.8	5920	146	-0.2	0.3	45.2501	4.99371	1.6556195433069725	0.04792786529145985	0.613792	10.992
8802782	1.36	0.22	0.15	2.31	0.13	0.11	0.15628799999999998	0.0108416	0.0099968	3.847	0.023	0.021	4.	0.9	1.3	6273	157	-0.2	0.3	48.445299999999996	2.9657400000000003	1.685251649641146	0.026586779662005396	0.20612	11.729
8868481	1.29	0.12	0.14	2.46	0.1	0.12	0.12207359999999999	0.007321599999999999	0.007039999999999999	3.764	0.017	0.018	4.7	0.9	0.7	5760	134	-0.2	0.3	51.4287	2.0039	1.7112055464878777	0.01692212154470026	0.182769	11.084
8915084	1.19	0.11	0.12	1.52	0.05	0.06	0.47660800000000003	0.015769599999999998	0.015910399999999998	4.149	0.013	0.015	5.	1.7	1.3	5991	143	-0.2	0.3	36.420700000000004	3.34463	1.5613482886092536	0.039882658845328975	0.444358	10.175
8938364	0.92	0.06	0.06	1.32	0.03	0.03	0.5586943999999999	0.013657599999999999	0.013375999999999999	4.158	0.009	0.01	13.	2.8	2.7	5630	84	-0.2	0.09	31.4365	4.87125	1.4974341876440798	0.06729620011678193	0.107212	10.105
8940939	1.23	0.12	0.14	1.56	0.06	0.07	0.46210559999999995	0.0192896	0.019007999999999997	4.144	0.016	0.017	4.	1.8	1.2	6220	159	-0.2	0.3	16.6509	3.74786	1.221437712585292	0.09775296932573742	0.0645693	9.857
8950146	1.26	0.11	0.14	1.36	0.05	0.06	0.7076608	0.0360448	0.035763199999999995	4.27	0.019	0.022	2.1	1.8	1.2	6414	150	-0.2	0.3	19.682000000000002	6.19102	1.2940692274708907	0.13660836415774158	0.390355	11.056
8952800	1.38	0.12	0.11	2.07	0.07	0.07	0.22063359999999999	0.008025599999999999	0.0076032	3.949	0.011	0.013	3.8	0.8	0.6	6148	151	-0.2	0.3	45.1672	1.9174	1.6548231686610093	0.018436304211934658	0.248045	11.043
9005973	1.01	0.17	0.11	1.41	0.08	0.06	0.5109632	0.0252032	0.0252032	4.147	0.024	0.021	8.1	3.2	3.2	5957	142	-0.2	0.3	22.8115	3.2689899999999996	1.3581538438169458	0.06223634212554681	0.125847	11.518
9026479	1.24	0.11	0.13	2.35	0.1	0.11	0.1343232	0.0060544	0.0057728	3.788	0.011	0.012	5.1	0.9	0.7	5592	120	-0.2	0.3	62.025400000000005	2.28847	1.7925695737057559	0.01602359505946168	0.256221	10.907
9026685	1.04	0.11	0.12	1.72	0.08	0.08	0.2894848	0.013375999999999999	0.013516799999999997	3.984	0.016	0.016	8.9	2.7	2.	5652	128	-0.2	0.3	44.232	1.3983299999999999	1.6457365769306798	0.013729584981004116	0.147566	11.117
9051235	1.4	0.18	0.12	2.19	0.1	0.08	0.19092479999999998	0.0090112	0.0090112	3.911	0.018	0.021	3.5	1.	0.9	6269	164	-0.2	0.3	53.2948	4.3832699999999996	1.7266848367662426	0.035718868889498906	0.323426	11.543
9073645	1.41	0.18	0.13	2.38	0.12	0.1	0.1488256	0.008729599999999999	0.0085888	3.838	0.018	0.019	3.6	0.8	1.	6480	172	-0.2	0.3	48.075399999999995	2.74242	1.681922906370113	0.024773956598616254	0.441357	11.496
9073950	1.28	0.11	0.13	3.81	0.12	0.16	0.032383999999999996	0.0009855999999999999	0.0009855999999999999	3.38	0.012	0.013	4.7	1.3	1.1	5146	101	-0.2	0.3	122.28999999999999	3.98777	2.0873909449971877	0.014161963415645846	0.474831	11.339
9093289	1.24	0.13	0.17	1.44	0.06	0.07	0.5847424	0.0404096	0.037452799999999994	4.213	0.024	0.026	2.9	2.1	1.3	6432	150	-0.2	0.3	21.5504	19.433200000000003	1.333455335572414	0.39162760439352734	0.397052	11.107
9098294	0.97	0.06	0.06	1.15	0.03	0.03	0.8916863999999999	0.026470399999999998	0.0257664	4.3	0.011	0.011	8.8	2.4	2.2	5840	84	-0.13	0.09	28.4396	8.02435	1.4539234837942119	0.1225379726107385	0.64155	9.758
9119139	1.14	0.22	0.13	1.79	0.11	0.09	0.2810368	0.0152064	0.014643199999999999	3.991	0.024	0.021	6.4	2.1	2.2	5877	132	-0.2	0.3	54.985899999999994	9.21396	1.7402513379077515	0.07277451100149833	0.8627	10.968
9138680	1.36	0.13	0.13	2.45	0.09	0.09	0.1298176	0.004787199999999999	0.004646399999999999	3.792	0.018	0.015	4.1	0.8	0.7	6104	147	-0.2	0.3	60.087300000000006	4.74159	1.778782689594104	0.03427090870196597	0.529854	11.514
9139151	1.17	0.06	0.06	1.16	0.02	0.02	1.0543103999999999	0.035763199999999995	0.0360448	4.377	0.012	0.012	1.8	1.2	1.1	6125	84	0.11	0.09	18.0574	1.59809	1.2566552184613924	0.03843530456127502	0.710269	9.181
9139163	1.38	0.05	0.06	1.57	0.03	0.03	0.5042047999999999	0.013516799999999997	0.0128128	4.186	0.009	0.009	2.3	0.4	0.3	6400	84	0.15	0.09	26.9836	4.17921	1.4310998903261072	0.06726336892463901	0.305834	8.329
9143749	1.13	0.19	0.12	1.72	0.1	0.08	0.31736319999999996	0.013094399999999997	0.0129536	4.026	0.019	0.019	6.5	2.1	2.	5899	129	-0.2	0.3	37.4752	1.44987	1.5737439592965572	0.01680232635121541	0.128181	11.126
9158609	0.93	0.58	0.2	3.05	0.49	0.29	0.048576	0.008447999999999999	0.007743999999999999	3.465	0.06	0.057	12.6	7.2	9.6	4954	301	-0.2	0.3	109.096	2.91457	2.037808827492338	0.011602457176438737	0.421509	11.162
9201604	1.24	0.2	0.22	3.21	0.24	0.26	0.05308159999999999	0.0039423999999999996	0.0038016	3.519	0.011	0.011	5.1	3.2	1.7	5120	113	-0.2	0.3	97.8692	3.14542	1.9906460383341242	0.013957798257961913	0.384266	11.46
9202077	1.38	0.12	0.08	1.97	0.05	0.05	0.25949439999999996	0.007743999999999999	0.007462399999999999	3.996	0.014	0.013	3.7	0.7	0.8	6128	135	-0.2	0.3	38.819199999999995	4.43729	1.5890465810480796	0.04964271704734977	0.468015	10.284
9204313	0.99	0.15	0.12	1.5	0.08	0.07	0.4100096	0.016473599999999998	0.016614399999999998	4.078	0.021	0.018	9.9	3.5	3.4	5756	138	-0.2	0.3	36.140100000000004	1.81131	1.5579893499235324	0.021766457149155063	0.122106	10.676
9225600	1.35	0.11	0.18	1.79	0.07	0.08	0.3284864	0.017318399999999998	0.017459199999999998	4.057	0.019	0.021	3.4	1.5	0.8	6444	161	-0.2	0.3	34.3626	5.36085	1.536086016711401	0.06775353358916518	0.188714	10.809
9266926	0.98	0.14	0.12	1.49	0.08	0.07	0.42028799999999994	0.018726399999999997	0.019007999999999997	4.085	0.02	0.018	9.8	3.5	3.2	5801	137	-0.2	0.3	31.2794	1.95119	1.4952584138510996	0.02709102636702769	0.0979669	11.305
9273544	1.12	0.12	0.13	1.54	0.07	0.07	0.42873599999999995	0.0201344	0.019148799999999997	4.109	0.015	0.015	6.	2.5	1.7	6068	139	-0.2	0.3	32.0374	4.62744	1.5056572636085008	0.06272892486089332	0.237071	11.003
9289275	1.36	0.08	0.12	1.78	0.05	0.05	0.33975039999999995	0.0099968	0.009292799999999999	4.069	0.012	0.014	3.5	1.1	0.7	6290	155	-0.2	0.3	35.479299999999995	4.81748	1.549975042694742	0.05896973673886682	0.79014	9.649
9292130	1.36	0.13	0.13	2.18	0.08	0.08	0.18430719999999998	0.007462399999999999	0.007462399999999999	3.894	0.013	0.016	3.9	1.	0.8	6332	159	-0.2	0.3	48.1717	2.57683	1.6827919730238299	0.023231545695974114	0.523384	10.662
9353859	1.69	0.14	0.18	3.78	0.16	0.19	0.0440704	0.0023935999999999996	0.0022528	3.509	0.013	0.013	2.2	0.7	0.5	5379	110	-0.2	0.3	99.6499	3.19338	1.9984768672164361	0.013917397936377317	0.49841	11.398
9394953	1.09	0.22	0.12	1.69	0.1	0.07	0.3179264	0.0099968	0.0099968	4.019	0.025	0.016	7.6	2.3	2.9	5779	133	-0.2	0.3	39.2774	2.96414	1.5941427315837218	0.03277481823106175	0.254409	11.484
9410862	1.09	0.11	0.13	1.21	0.05	0.05	0.8766208	0.029990399999999997	0.029286399999999997	4.312	0.014	0.015	4.2	3.1	2.	6143	148	-0.2	0.3	17.9774	5.55122	1.2547268816518047	0.1341052773944491	0.235057	10.715
9414381	1.26	0.1	0.11	2.13	0.08	0.08	0.18304	0.007884799999999999	0.007321599999999999	3.879	0.013	0.011	5.3	0.7	0.6	5797	123	-0.2	0.3	61.4093	3.48917	1.788234146920191	0.024675859803358277	0.598499	11.033
9446628	1.33	0.17	0.13	1.97	0.1	0.1	0.24555519999999997	0.0188672	0.017740799999999998	3.974	0.023	0.024	4.	1.	1.2	6371	172	-0.2	0.3	39.5251	5.890280000000001	1.5968729773871244	0.06472130622984094	0.536261	10.658
9451741	1.13	0.07	0.19	1.32	0.04	0.08	0.6855551999999999	0.0278784	0.026611199999999998	4.242	0.016	0.02	6.1	4.6	1.8	5834	130	-0.2	0.3	24.481099999999998	3.93806	1.3888309279015152	0.06986114706463026	0.0840525	11.071
9457728	1.22	0.16	0.1	1.85	0.08	0.06	0.27089919999999995	0.009715199999999998	0.0094336	3.989	0.019	0.015	4.8	0.7	1.4	6383	158	-0.2	0.3	36.001	4.168360000000001	1.5563145643353469	0.0502845961663909	0.15096	10.438
9458636	1.14	0.09	0.12	1.68	0.07	0.07	0.3394688	0.014784	0.0143616	4.044	0.017	0.018	5.3	1.6	0.8	6235	158	-0.2	0.3	33.49570000000001	5.71933	1.5249890581970018	0.07415499479586111	0.16604	11.148
9468847	1.18	0.12	0.12	1.8	0.07	0.07	0.2827264	0.009715199999999998	0.009856	3.996	0.016	0.016	5.2	1.3	0.8	6160	141	-0.2	0.3	38.6724	2.56822	1.5874011251222828	0.02884133837862582	0.13925	10.488
9512063	1.21	0.14	0.17	2.08	0.11	0.11	0.187968	0.0111232	0.011404799999999998	3.88	0.018	0.018	5.2	1.6	0.8	5953	139	-0.2	0.3	52.606	2.4725200000000003	1.7210352806230325	0.020412154362533328	0.938588	9.754
9574283	1.15	0.17	0.16	2.87	0.18	0.18	0.068288	0.0036607999999999996	0.0035199999999999997	3.581	0.011	0.011	5.8	3.3	1.5	5167	114	-0.2	0.3	88.2826	1.81384	1.9458751150313631	0.008922944080208266	0.333981	10.744
9641837	1.38	0.17	0.12	2.24	0.11	0.08	0.17177599999999998	0.007321599999999999	0.007039999999999999	3.877	0.012	0.014	3.8	1.	0.9	6268	152	-0.2	0.3	48.7562	1.5940699999999999	1.688029849872072	0.014199133746426435	0.173415	9.977
9693187	0.93	0.1	0.1	1.41	0.06	0.06	0.47055359999999996	0.015065599999999998	0.0143616	4.109	0.016	0.015	12.	4.2	3.6	5718	161	-0.2	0.3	24.6464	1.03708	1.391753492606618	0.01827439793609713	0.0521482	9.529
9696358	1.37	0.17	0.12	2.1	0.09	0.08	0.20951039999999996	0.0116864	0.0111232	3.933	0.02	0.022	3.8	1.	1.1	6315	160	-0.2	0.3	40.6214	7.55339	1.6087548871090904	0.08075535546936351	0.440384	11.752
9700430	1.19	0.12	0.15	1.53	0.05	0.07	0.47505919999999996	0.0180224	0.0180224	4.148	0.017	0.02	4.7	2.3	1.4	6058	145	-0.2	0.3	28.7404	5.43083	1.4584928082165742	0.08206495042360708	0.314869	11.514
9702369	1.27	0.1	0.11	1.38	0.04	0.04	0.6859776	0.0214016	0.020697599999999997	4.264	0.013	0.014	2.	1.2	1.	6460	164	-0.2	0.3	21.7664	1.2226299999999999	1.337786605916609	0.024394546751386206	0.225103	9.554
9702752	1.24	0.08	0.2	1.72	0.05	0.09	0.3363712	0.007743999999999999	0.007884799999999999	4.052	0.011	0.025	5.4	3.2	1.	5823	130	-0.2	0.3	47.2005	1.8344	1.673946599186859	0.016878418610042797	0.357712	10.666
9754284	1.28	0.11	0.15	1.62	0.05	0.07	0.4198656	0.017459199999999998	0.0167552	4.121	0.017	0.019	3.8	1.4	1.1	6238	157	-0.2	0.3	33.1194	1.96537	1.520082460387919	0.02577188433057948	0.15325	11.067
9757640	1.04	0.12	0.13	1.73	0.08	0.08	0.2824448	0.011404799999999998	0.0111232	3.978	0.018	0.018	8.6	2.6	1.9	5686	118	-0.2	0.3	49.4809	4.66525	1.6944375903402478	0.0409469579514347	0.813557	11.132
9778067	1.38	0.17	0.11	2.16	0.1	0.08	0.19528959999999998	0.010559999999999998	0.0107008	3.913	0.017	0.018	3.7	0.8	1.1	6418	160	-0.2	0.3	42.2875	4.786300000000001	1.6262120107960367	0.04915551117312526	0.145702	11.57
9787965	1.31	0.16	0.13	2.05	0.11	0.1	0.2157056	0.015487999999999998	0.014924799999999998	3.934	0.021	0.021	4.3	0.9	1.2	6402	149	-0.2	0.3	38.5928	2.88592	1.5865062888184946	0.03247598337550612	0.188598	11.387
9788260	1.53	0.12	0.15	3.23	0.11	0.13	0.06420479999999999	0.0026752	0.0026752	3.603	0.012	0.013	3.	0.8	0.6	5525	119	-0.2	0.3	65.65799999999999	4.05819	1.8172876496057384	0.02684287555994635	0.326872	10.74
9791157	1.35	0.11	0.16	2.03	0.07	0.08	0.224576	0.0085888	0.008307199999999999	3.948	0.014	0.019	4.1	1.2	0.7	6159	160	-0.2	0.3	51.2847	2.40107	1.7099878193682034	0.02033299310834305	0.269691	11.019
9812850	1.31	0.08	0.13	1.79	0.05	0.06	0.3204608	0.010559999999999998	0.0107008	4.046	0.013	0.016	3.8	1.1	0.8	6325	84	-0.16	0.09	34.009699999999995	1.75563	1.5316028010324219	0.022418910524462318	0.750072	9.475
9821513	1.43	0.14	0.1	1.92	0.07	0.06	0.28638719999999995	0.0111232	0.010559999999999998	4.029	0.015	0.016	3.	0.6	0.9	6492	167	-0.2	0.3	34.1617	7.939699999999999	1.5335394744949762	0.10093666000132452	0.614449	11.074
9880787	1.23	0.13	0.13	2.07	0.08	0.09	0.1965568	0.007039999999999999	0.007039999999999999	3.896	0.018	0.015	5.2	1.	0.9	5957	145	-0.2	0.3	48.0861	4.45857	1.682019555257153	0.040268026481236396	0.740013	11.247
9893470	1.56	0.15	0.14	3.34	0.11	0.12	0.059136	0.0023935999999999996	0.0023935999999999996	3.584	0.017	0.016	2.7	0.7	0.6	6134	144	-0.2	0.3	72.9526	1.65262	1.8630407745780817	0.009838220250997934	0.445621	10.603
9897838	1.06	0.09	0.08	2.6	0.09	0.08	0.0850432	0.0022528	0.0023935999999999996	3.633	0.009	0.009	7.1	1.9	1.6	5179	61	-0.2	0.3	88.61819999999999	2.2709599999999996	1.9475229244587777	0.011129377448684453	0.330195	10.911
9903271	1.12	0.09	0.09	3.25	0.1	0.1	0.04576	0.0008447999999999998	0.0008447999999999998	3.461	0.009	0.01	7.9	2.7	1.8	4828	84	-0.2	0.3	134.554	3.41986	2.1288966129292497	0.01103814325015722	0.508099	11.226
9955598	0.92	0.05	0.05	0.9	0.02	0.02	1.743104	0.0712448	0.071104	4.487	0.014	0.015	6.9	3.6	3.4	5410	84	0.11	0.09	17.2251	5.02704	1.2361617518755776	0.12674618622283312	0.267648	9.439
9962623	0.93	0.16	0.12	1.37	0.08	0.07	0.5033599999999999	0.030694399999999997	0.030694399999999997	4.129	0.026	0.024	12.2	4.3	4.6	5709	128	-0.2	0.3	31.724099999999996	4.71975	1.501389310181147	0.0646121207839741	0.132441	11.222
10016239	1.23	0.05	0.05	1.28	0.02	0.02	0.8271999999999999	0.026047999999999998	0.0257664	4.313	0.01	0.01	1.8	0.8	0.7	6340	84	-0.05	0.09	19.3759	4.24488	1.2872618843889716	0.09514541055339239	0.300098	9.913
10018963	1.12	0.08	0.07	1.9	0.05	0.04	0.230208	0.0052096	0.005068799999999999	3.929	0.012	0.01	5.8	0.9	0.8	6020	84	-0.35	0.09	40.6518	1.84551	1.6090797802562924	0.019716096440926853	0.156832	8.73
10019747	1.04	0.13	0.11	1.63	0.09	0.07	0.33580799999999994	0.014502399999999999	0.014079999999999999	4.029	0.017	0.014	9.2	2.7	2.5	5649	122	-0.2	0.3	46.455999999999996	2.0965599999999998	1.6670418130252675	0.019599716699222523	0.159383	10.322
10024648	1.39	0.14	0.09	2.01	0.06	0.06	0.24555519999999997	0.007039999999999999	0.0066175999999999995	3.982	0.013	0.013	3.5	0.7	0.8	6234	145	-0.2	0.3	34.8859	1.33713	1.5426499315574391	0.016645928027864985	0.297488	10.871
10025841	1.18	0.1	0.21	1.56	0.06	0.09	0.4312704	0.0188672	0.017740799999999998	4.115	0.019	0.026	5.5	3.8	1.4	5949	134	-0.2	0.3	30.1462	3.08525	1.4792325760768275	0.04444696347440166	0.701815	10.795
10068307	1.23	0.15	0.08	2.	0.08	0.05	0.21767679999999998	0.004646399999999999	0.0045056	3.927	0.018	0.012	4.9	0.6	1.2	6114	84	-0.22	0.09	41.6224	1.86728	1.6193271185643545	0.01948348485835281	0.365399	8.179
10074716	1.1	0.12	0.16	1.43	0.07	0.08	0.5267328	0.026188799999999995	0.0256256	4.164	0.02	0.022	6.3	3.7	2.1	5979	137	-0.2	0.3	25.686400000000003	4.16186	1.4097032412966788	0.07036691916554548	0.128614	11.571
10079226	1.13	0.1	0.11	1.15	0.04	0.04	1.0529024	0.034073599999999996	0.033088	4.371	0.014	0.015	2.7	2.5	1.9	6020	145	-0.2	0.3	19.7377	4.29573	1.2952965436981143	0.09452022448138618	0.561023	10.074
10088136	1.25	0.33	0.25	3.35	0.37	0.32	0.0468864	0.0042239999999999995	0.0040831999999999995	3.483	0.015	0.015	5.	3.8	2.4	5132	101	-0.2	0.3	96.1027	1.9979099999999999	1.9827355893192111	0.009028687938417192	0.365889	11.066
10118942	1.33	0.12	0.15	2.26	0.08	0.1	0.16177919999999998	0.006758399999999999	0.006335999999999999	3.85	0.019	0.016	4.3	0.9	0.9	6223	154	-0.2	0.3	53.6982	3.2341	1.7299597280986365	0.02615640345343618	0.200577	11.496
10130724	0.82	0.12	0.08	1.07	0.05	0.04	0.9599743999999999	0.0297088	0.028864	4.301	0.018	0.016	13.8	5.2	6.4	5443	233	-0.2	0.3	18.142100000000003	5.96382	1.2586875564630835	0.14276484624515634	0.383695	11.412
10130853	1.21	0.15	0.19	3.73	0.21	0.28	0.032947199999999996	0.0021119999999999997	0.0018303999999999998	3.377	0.011	0.011	6.1	4.1	1.6	4836	94	-0.2	0.3	150.71499999999997	4.70411	2.1781564778822635	0.013555180408492226	0.583784	10.956
10147635	1.52	0.25	0.16	2.73	0.14	0.11	0.1065856	0.0032384	0.0030976	3.752	0.02	0.016	3.2	0.7	1.2	6173	147	-0.2	0.3	55.6828	2.24333	1.7457210655747581	0.01749671065549904	0.46698	10.688
10162436	1.3	0.09	0.09	1.99	0.05	0.05	0.2313344	0.0060544	0.0060544	3.953	0.012	0.013	4.6	0.6	0.8	6200	84	-0.08	0.09	38.118100000000005	2.8646499999999997	1.581131245059669	0.0326380823699017	0.342416	8.608
10186764	1.24	0.13	0.14	1.7	0.06	0.07	0.35692799999999997	0.014643199999999999	0.014220799999999999	4.071	0.016	0.017	4.6	1.5	1.3	6161	142	-0.2	0.3	34.81	3.8041199999999997	1.5417040232842882	0.04746073899735128	0.212902	10.91
10202294	1.33	0.09	0.23	1.94	0.06	0.11	0.252032	0.0085888	0.008729599999999999	3.975	0.017	0.025	4.4	2.6	0.6	5887	131	-0.2	0.3	49.3417	10.8872	1.693214108426934	0.09582667162617181	0.29573	10.659
10215584	0.91	0.17	0.1	1.09	0.06	0.05	0.9953152	0.058572799999999994	0.056319999999999995	4.326	0.025	0.024	9.8	4.4	5.	5848	124	-0.2	0.3	18.192	4.35886	1.2598804473436593	0.10405831384063369	0.383273	10.603
10272858	1.32	0.28	0.19	3.56	0.32	0.24	0.0411136	0.002816	0.0029567999999999994	3.454	0.01	0.01	4.5	1.7	1.9	5113	100	-0.2	0.3	114.398	4.08209	2.0584184318297636	0.015497029332964258	0.454272	11.367
10272923	1.19	0.12	0.12	2.85	0.12	0.13	0.0723712	0.0025343999999999996	0.0023935999999999996	3.603	0.01	0.011	6.	2.4	1.1	4967	101	-0.2	0.3	99.1693	3.01807	1.9963772477175254	0.013217105969264148	0.4043	11.409
10290021	1.38	0.13	0.15	2.04	0.07	0.08	0.2269696	0.006758399999999999	0.0066175999999999995	3.955	0.014	0.018	3.9	1.1	0.8	6177	151	-0.2	0.3	40.771	1.49665	1.6103513636266926	0.0159423815050036	0.425184	9.976
10319352	0.94	0.13	0.13	1.43	0.08	0.07	0.4566143999999999	0.033228799999999996	0.031257599999999996	4.102	0.028	0.026	11.4	4.2	3.8	5743	133	-0.2	0.3	45.2894	6.66603	1.6559965671299606	0.06392268489318767	0.976942	11.054
10322381	1.2	0.14	0.17	1.44	0.08	0.08	0.564608	0.0487168	0.04759039999999999	4.197	0.026	0.027	3.6	2.5	1.4	6333	150	-0.2	0.3	26.7952	7.55339	1.4280570029759068	0.12242474759147917	0.636217	11.074
10324098	1.39	0.18	0.1	2.18	0.09	0.07	0.190784	0.007743999999999999	0.007321599999999999	3.909	0.016	0.016	3.7	0.8	1.1	6381	155	-0.2	0.3	39.7864	2.83609	1.5997346445782519	0.030957770423586786	0.322337	11.475
10394814	1.14	0.16	0.17	3.19	0.21	0.22	0.0498432	0.0030976	0.002816	3.488	0.01	0.011	6.1	4.3	1.6	5034	104	-0.2	0.3	119.618	2.68649	2.077796536780108	0.00975378105877265	0.459315	10.644
10417911	1.06	0.13	0.14	1.83	0.11	0.11	0.24456959999999997	0.018726399999999997	0.018585599999999997	3.939	0.021	0.022	7.8	2.7	1.6	5669	127	-0.2	0.3	53.0661	1.56247	1.7248171710905227	0.012787299220017562	0.192297	11.278
10462940	1.2	0.07	0.06	1.26	0.03	0.03	0.8481792	0.0416768	0.041536	4.317	0.015	0.016	2.5	1.1	1.1	6154	84	0.1	0.09	20.851499999999998	2.01396	1.3191373023932689	0.0419467047825755	0.378844	9.705
10516096	1.14	0.05	0.05	1.43	0.03	0.03	0.5444736	0.013375999999999999	0.013094399999999997	4.181	0.007	0.007	5.6	1.1	1.	5940	84	-0.06	0.09	29.5259	5.41524	1.4702031445269252	0.07965240179577135	0.197303	9.457
10518551	1.35	0.15	0.13	2.15	0.09	0.08	0.190784	0.007321599999999999	0.0071808	3.902	0.013	0.016	4.1	1.	1.	6171	157	-0.2	0.3	43.2945	2.6991300000000003	1.6364327284234463	0.027075431404439916	0.487004	10.309
10593351	1.48	0.12	0.13	3.01	0.11	0.12	0.076736	0.0035199999999999997	0.0033791999999999993	3.651	0.012	0.013	3.3	0.7	0.6	5927	81	-0.2	0.3	79.9236	5.10442	1.902675037591835	0.027736756594004732	0.789469	10.818
10655953	1.2	0.11	0.15	1.25	0.05	0.05	0.8662015999999999	0.059980799999999994	0.0592768	4.323	0.023	0.028	1.7	2.3	1.4	6444	157	-0.2	0.3	17.4023	15.993799999999998	1.2406066512306708	0.39914373873937514	0.336684	10.738
10670371	1.42	0.17	0.18	2.98	0.15	0.16	0.0758912	0.0039423999999999996	0.0038016	3.642	0.017	0.018	3.7	1.4	1.1	5240	114	-0.2	0.3	72.21719999999999	3.08115	1.858640645983319	0.018529193085805105	0.379346	11.012
10712891	1.38	0.17	0.16	2.97	0.15	0.14	0.07434239999999999	0.0026752	0.0025343999999999996	3.633	0.014	0.016	4.	1.4	1.2	5217	118	-0.2	0.3	56.590599999999995	7.733099999999999	1.7527442985528885	0.059346298820052025	0.733852	11.517
10727922	1.25	0.15	0.16	1.96	0.11	0.11	0.234432	0.018303999999999997	0.017318399999999998	3.951	0.021	0.023	4.8	1.2	1.1	6171	157	-0.2	0.3	39.271	2.5784	1.594071960321918	0.02851429533598188	0.392691	11.245
10732098	1.06	0.1	0.12	1.74	0.07	0.08	0.28512	0.0107008	0.0107008	3.982	0.014	0.015	7.8	2.6	1.7	5813	149	-0.2	0.3	40.4475	2.96919	1.6068916836798623	0.03188090321335846	0.291019	11.662
10858780	0.95	0.15	0.14	1.45	0.1	0.09	0.43507199999999996	0.034918399999999995	0.034636799999999995	4.09	0.024	0.025	11.3	5.2	4.5	5731	223	-0.2	0.3	36.5274	1.84752	1.5626187604725603	0.02196618815480696	0.14609	10.498
10873176	1.27	0.12	0.12	2.13	0.07	0.08	0.1847296	0.007039999999999999	0.007321599999999999	3.884	0.015	0.015	4.6	0.8	0.9	6282	154	-0.2	0.3	44.2045	1.91748	1.6454664826000067	0.018838602023772404	0.164356	11.354
10909629	1.35	0.12	0.14	2.17	0.08	0.09	0.18627839999999998	0.008025599999999999	0.0076032	3.895	0.015	0.018	4.	1.	0.7	6383	157	-0.2	0.3	38.8161	3.88523	1.5890118980393293	0.04346995061134351	0.170351	10.869
10923629	1.47	0.15	0.09	2.48	0.07	0.06	0.1357312	0.0053504	0.005068799999999999	3.818	0.015	0.013	3.6	0.6	1.	6214	84	0.16	0.09	51.5199	3.85098	1.7119750113880456	0.03246239538352723	0.81488	9.85
10937782	1.31	0.28	0.16	4.	0.35	0.24	0.028864	0.0016895999999999997	0.0019711999999999998	3.35	0.009	0.01	4.5	1.5	2.1	5104	109	-0.2	0.3	150.738	4.19087	2.17822274873114	0.01207440536144755	0.763746	11.286
10963065	1.06	0.06	0.06	1.22	0.02	0.02	0.8094591999999999	0.0152064	0.015347199999999998	4.285	0.009	0.009	5.5	1.7	1.5	6060	84	-0.2	0.09	21.8413	4.96883	1.339278484125377	0.0988006872537502	0.214394	8.769
10971974	1.01	0.14	0.13	1.17	0.06	0.06	0.868032	0.057728	0.054630399999999996	4.297	0.025	0.025	7.4	4.3	3.7	5941	150	-0.2	0.3	18.6635	5.96757	1.2709930910798646	0.13886370302308723	0.985373	11.304
10972252	1.57	0.12	0.21	2.42	0.07	0.12	0.15614719999999999	0.0076032	0.0061952	3.864	0.014	0.016	2.8	1.1	0.6	6312	175	-0.2	0.3	42.2095	1.9884	1.6254102076737855	0.020458691711970668	0.387305	11.45
10972873	1.14	0.15	0.11	1.85	0.09	0.07	0.25231359999999997	0.0085888	0.008307199999999999	3.958	0.018	0.013	6.6	1.7	1.7	5795	149	-0.2	0.3	46.1968	1.50267	1.6646118935112353	0.014126547490769041	0.161353	10.684
10976896	1.17	0.13	0.15	2.22	0.1	0.12	0.1500928	0.0066175999999999995	0.0064768	3.812	0.012	0.013	5.5	1.5	0.8	5628	58	-0.2	0.3	37.4525	4.26744	1.5734808126888054	0.049484697786615385	0.116013	10.257
10990438	1.43	0.3	0.15	3.93	0.32	0.19	0.033228799999999996	0.0016895999999999997	0.0016895999999999997	3.409	0.016	0.016	3.6	1.3	1.6	5110	105	-0.2	0.3	119.408	4.16783	2.07703342427632	0.015158662489203653	0.616863	11.15
11021413	1.08	0.11	0.1	2.06	0.08	0.08	0.1741696	0.0057728	0.0057728	3.843	0.01	0.011	7.3	2.1	1.5	5444	123	-0.2	0.3	61.764399999999995	3.74532	1.7907382268946181	0.026335102566557547	0.425055	10.144
11026764	1.22	0.05	0.05	2.09	0.04	0.04	0.1889536	0.0053504	0.0053504	3.885	0.009	0.008	5.7	0.5	0.4	5682	84	0.05	0.09	48.010200000000005	1.1453900000000001	1.6813335151488253	0.010361059871176657	0.248961	9.303
11027406	0.97	0.13	0.09	1.33	0.06	0.05	0.5803775999999999	0.0214016	0.020697599999999997	4.178	0.016	0.015	8.8	3.1	3.1	6006	145	-0.2	0.3	25.9908	1.39682	1.4148196473439678	0.023340228781418813	0.0545145	10.369
11070918	1.32	0.11	0.17	1.74	0.06	0.07	0.34847999999999996	0.014643199999999999	0.013516799999999997	4.071	0.02	0.023	3.6	1.5	0.9	6378	185	-0.2	0.3	43.4404	1.52259	1.6378938155907572	0.015222061380674955	0.543868	9.574
11074380	1.21	0.18	0.23	2.62	0.17	0.22	0.09461759999999998	0.005913599999999999	0.005491199999999999	3.679	0.019	0.019	5.5	5.6	1.5	5051	461	-0.2	0.3	81.124	3.1297400000000004	1.909149356376578	0.016754953056948414	0.433635	11.365
11082784	1.29	0.27	0.26	2.19	0.16	0.18	0.1729024	0.0107008	0.011264	3.864	0.022	0.018	4.9	2.	1.9	5963	152	-0.2	0.3	51.5448	4.7397100000000005	1.7121848588491022	0.039934773222937356	0.612427	11.439
11083308	1.36	0.14	0.12	2.12	0.09	0.08	0.20190719999999998	0.0094336	0.0090112	3.92	0.015	0.016	3.9	0.9	0.9	6353	159	-0.2	0.3	38.993100000000005	2.7978	1.590987763512574	0.031161131109578816	0.432719	11.37
11098033	1.35	0.22	0.16	2.25	0.12	0.1	0.1691008	0.011968	0.0121088	3.867	0.027	0.027	4.1	1.	1.3	6217	148	-0.2	0.3	46.3628	2.2488099999999998	1.6661696565372173	0.02106528884900937	0.27033	11.486
11127479	1.16	0.11	0.15	1.37	0.05	0.08	0.6395135999999999	0.0319616	0.029427199999999997	4.229	0.015	0.016	4.6	2.7	1.6	6062	148	-0.2	0.3	27.2062	3.2396	1.4346678863486941	0.05171396238996164	0.33997	11.126
11133100	1.51	0.15	0.21	2.38	0.13	0.14	0.1550208	0.013516799999999997	0.012249599999999998	3.855	0.025	0.026	3.	1.4	0.7	6316	163	-0.2	0.3	29.2515	1.67964	1.4661481413590467	0.024937469312137084	0.166142	10.675
11137075	1.01	0.05	0.05	1.66	0.04	0.04	0.31454719999999997	0.010559999999999998	0.0104192	4.006	0.01	0.01	9.9	1.4	1.4	5590	84	-0.06	0.09	44.2389	2.197	1.6458043197010417	0.021568008624568973	0.159577	10.864
11138101	1.36	0.14	0.15	2.36	0.09	0.1	0.1460096	0.0090112	0.008870399999999999	3.826	0.023	0.024	4.	0.9	0.9	6323	149	-0.2	0.3	46.8689	1.16275	1.6708847608695578	0.010774221473791918	0.201377	10.76
11188219	1.01	0.13	0.12	1.28	0.07	0.06	0.67936	0.0416768	0.04055039999999999	4.227	0.019	0.019	7.5	3.	2.8	6024	62	-0.2	0.3	22.8566	2.1997	1.359011628025236	0.04179613642635313	0.0702975	11.05
11193681	1.33	0.1	0.13	2.41	0.07	0.09	0.13305599999999998	0.0052096	0.004928	3.794	0.015	0.015	4.6	0.7	0.6	5802	136	-0.2	0.3	70.3053	8.92075	1.8469880657594004	0.0551058383854195	0.589387	10.736
11229052	1.23	0.13	0.15	1.47	0.05	0.06	0.5439103999999999	0.018163199999999997	0.017036799999999998	4.192	0.017	0.021	3.2	1.9	1.2	6405	151	-0.2	0.3	26.4447	6.46152	1.4223386445603883	0.10611587504140714	0.307003	10.047
11244118	1.26	0.07	0.07	1.67	0.04	0.04	0.3846656	0.009856	0.009574399999999999	4.095	0.008	0.008	5.4	1.	0.9	5745	84	0.35	0.09	44.4047	2.8937899999999996	1.6474289402956315	0.028302342517499524	0.71134	9.736
11294717	1.1	0.14	0.14	1.82	0.09	0.09	0.25695999999999997	0.013235199999999999	0.013094399999999997	3.957	0.024	0.02	7.	2.4	1.6	5825	139	-0.2	0.3	41.619299999999996	2.8933600000000004	1.6192947714860386	0.030192009047715667	0.180373	11.831
11307875	1.54	0.21	0.21	4.14	0.22	0.23	0.0305536	0.0009855999999999999	0.0009855999999999999	3.389	0.016	0.017	3.	1.6	1.	5073	102	-0.2	0.3	127.73399999999998	4.26609	2.1063065123535902	0.01450466865754336	0.492305	11.222
11389393	1.3	0.13	0.15	1.86	0.08	0.08	0.2824448	0.015910399999999998	0.014784	4.009	0.019	0.021	4.3	1.1	1.2	6203	153	-0.2	0.3	40.1378	2.12002	1.6035535646127441	0.02293880052032079	0.200686	10.557
11389437	1.16	0.12	0.11	1.68	0.06	0.06	0.3452416	0.011264	0.0108416	4.052	0.015	0.015	5.3	1.6	1.	6144	138	-0.2	0.3	36.6469	1.2357	1.5640372431016947	0.014644013307751764	0.393806	10.385
11401156	1.08	0.12	0.12	2.49	0.11	0.11	0.0984192	0.0029567999999999994	0.0029567999999999994	3.678	0.012	0.013	7.3	3.6	1.9	5117	109	-0.2	0.3	80.666	1.75077	1.906690522035343	0.009425901248131257	0.31123	9.891
11401708	1.42	0.28	0.11	2.55	0.14	0.08	0.12066559999999998	0.0035199999999999997	0.0033791999999999993	3.777	0.023	0.012	3.9	0.6	1.6	5951	152	-0.2	0.3	57.6502	3.59328	1.7608008182871913	0.027069145916810637	0.760265	10.764
11456910	1.21	0.19	0.17	1.68	0.08	0.09	0.36424959999999995	0.0240768	0.022950399999999996	4.073	0.029	0.028	4.7	3.1	2.1	6216	424	-0.2	0.3	29.683600000000002	2.84468	1.4725165706408	0.041619912233709595	0.183125	11.303
11460626	1.28	0.13	0.16	2.21	0.09	0.1	0.16769279999999998	0.007321599999999999	0.006758399999999999	3.855	0.02	0.018	4.7	1.	0.9	6102	144	-0.2	0.3	43.791700000000006	3.67034	1.6413918048927096	0.036399783719489785	0.165325	11.558
11467550	1.3	0.15	0.14	2.02	0.08	0.08	0.22401279999999998	0.008729599999999999	0.0085888	3.944	0.018	0.02	4.3	1.	1.1	6281	159	-0.2	0.3	43.304700000000004	3.94866	1.6365350343046994	0.039600349359586694	0.580554	11.045
11496573	1.36	0.27	0.15	3.58	0.27	0.17	0.04139519999999999	0.0018303999999999998	0.0018303999999999998	3.462	0.015	0.015	4.3	1.4	1.8	5064	108	-0.2	0.3	114.623	3.67988	2.059271770954705	0.013942677979691143	0.444356	11.412
11502597	1.12	0.15	0.12	1.63	0.09	0.08	0.3659392	0.016191999999999998	0.015065599999999998	4.066	0.013	0.014	6.5	2.7	1.9	5882	153	-0.2	0.3	42.698600000000006	5.711189999999999	1.6304136356282486	0.05808945263078959	0.152798	11.705
11506988	1.27	0.17	0.11	1.9	0.08	0.07	0.2638592	0.010137599999999998	0.009856	3.988	0.021	0.018	4.5	0.7	1.4	6351	150	-0.2	0.3	24.8664	3.01205	1.395612915414555	0.05260579312713901	0.210669	9.731
11507653	1.04	0.2	0.14	1.59	0.09	0.08	0.3666432	0.0243584	0.0233728	4.054	0.028	0.026	8.	3.1	2.9	5877	137	-0.2	0.3	36.1937	5.592009999999999	1.558632982319194	0.0670994975851544	0.241695	11.414
11554100	1.18	0.15	0.16	3.62	0.19	0.22	0.0352	0.0016895999999999997	0.0015488	3.392	0.011	0.011	6.4	3.5	1.6	4854	97	-0.2	0.3	151.23700000000002	3.04265	2.1796580539300647	0.008737320267943221	0.604435	11.425
11558593	1.36	0.24	0.19	3.15	0.19	0.17	0.06124799999999999	0.0021119999999999997	0.0021119999999999997	3.575	0.019	0.022	4.1	1.6	1.5	5228	110	-0.2	0.3	82.3092	2.8693999999999997	1.9154483806063018	0.015140040072958922	0.362133	11.261
11611414	1.19	0.23	0.1	1.71	0.1	0.09	0.34608639999999996	0.030694399999999997	0.0304128	4.06	0.028	0.029	4.7	0.9	1.8	6420	163	-0.2	0.3	28.0713	3.78818	1.4482625255576016	0.05860739155138025	0.218761	11.481
11620833	1.47	0.22	0.15	3.77	0.22	0.15	0.0384384	0.0011264	0.0011264	3.453	0.016	0.016	3.6	1.3	1.3	4992	99	-0.2	0.3	121.986	3.28009	2.0863099907433313	0.011677774393340525	0.464418	10.414
11674236	1.08	0.14	0.15	2.	0.1	0.11	0.1902208	0.010982399999999998	0.0107008	3.868	0.02	0.02	7.1	2.7	1.4	5595	125	-0.2	0.3	64.45439999999999	2.82933	1.809252569951562	0.01906405779098599	0.261197	11.61
11713510	1.05	0.12	0.09	1.61	0.07	0.06	0.3521408	0.0111232	0.010982399999999998	4.043	0.014	0.012	7.9	2.2	2.1	5879	142	-0.2	0.3	38.8906	1.90971	1.5898446434477695	0.021325886333341707	0.129182	10.795
11717120	1.01	0.1	0.1	2.38	0.11	0.11	0.10588159999999999	0.004646399999999999	0.004364799999999999	3.69	0.007	0.007	8.5	3.1	2.4	5150	84	-0.3	0.09	78.281	2.40571	1.8936563649127385	0.013346617672991811	0.293361	9.272
11722551	1.1	0.08	0.07	2.2	0.06	0.07	0.1446016	0.0039423999999999996	0.0039423999999999996	3.792	0.008	0.009	8.2	2.2	1.6	5013	100	-0.2	0.3	75.4961	2.0673000000000004	1.877924517295059	0.011892229962058869	0.283379	10.997
11723674	1.42	0.18	0.12	2.48	0.1	0.09	0.1322112	0.0061952	0.005913599999999999	3.805	0.019	0.019	3.6	0.7	1.1	6442	157	-0.2	0.3	52.1708	3.04449	1.7174274963528458	0.02534377865031073	0.206497	11.432
11771760	1.55	0.12	0.14	3.	0.1	0.11	0.08096	0.0032384	0.0032384	3.673	0.016	0.014	3.	0.7	0.6	6120	144	-0.2	0.3	71.7424	2.65491	1.8557759010453032	0.016071566646080452	0.290009	11.365
11802939	1.37	0.15	0.15	2.68	0.14	0.14	0.10067199999999998	0.0102784	0.009856	3.719	0.03	0.031	3.9	0.9	0.8	6076	143	-0.2	0.3	67.747	3.29752	1.8308900683686915	0.021138865779526932	0.480576	11.167
11802968	0.89	0.14	0.1	2.42	0.14	0.11	0.0882816	0.0032384	0.0035199999999999997	3.621	0.014	0.013	13.8	5.1	5.6	4940	98	-0.2	0.3	93.3606	3.38212	1.970163634123987	0.01573293287676628	0.365563	10.887
11809558	1.34	0.16	0.13	2.98	0.13	0.11	0.0712448	0.0019711999999999998	0.0021119999999999997	3.616	0.013	0.013	4.6	1.2	1.4	5019	114	-0.2	0.3	92.5895	3.0769	1.9665617388351082	0.014432313506046748	0.350045	11.039
11817562	1.45	0.21	0.14	2.51	0.12	0.1	0.12967679999999998	0.004928	0.004646399999999999	3.803	0.019	0.02	3.5	0.8	1.2	6343	154	-0.2	0.3	56.3878	9.96456	1.7511851506887504	0.07674627175725719	0.286908	11.524
11862119	1.11	0.2	0.15	1.5	0.31	0.3	0.46816	0.10475519999999998	0.10433279999999999	4.135	0.098	0.099	5.6	2.5	2.2	6184	158	-0.2	0.3	29.5943	2.60153	1.4712080719736043	0.0381772883124712	0.0975979	11.277
11873252	1.02	0.32	0.21	3.54	0.49	0.33	0.0322432	0.002816	0.0035199999999999997	3.348	0.016	0.015	8.6	7.4	4.4	5087	196	-0.2	0.3	154.575	4.85745	2.189139255170913	0.0136475091775575	0.594929	11.217
11911418	1.27	0.13	0.13	2.63	0.1	0.11	0.09856000000000001	0.0029567999999999994	0.0029567999999999994	3.702	0.011	0.013	4.7	1.	0.8	5511	127	-0.2	0.3	68.6901	3.03331	1.8368941486288222	0.019178160970823345	0.275849	11.408
11962180	1.36	0.14	0.15	1.97	0.1	0.1	0.2503424	0.0167552	0.016191999999999998	3.981	0.018	0.018	3.6	1.2	0.9	6390	157	-0.2	0.3	37.890100000000004	2.26103	1.578525751471638	0.025915815804595642	0.421366	11.237
11968749	1.43	0.48	0.43	4.25	0.45	0.48	0.0263296	0.0012671999999999998	0.0012671999999999998	3.342	0.033	0.051	3.6	4.5	2.2	5136	70	-0.2	0.3	146.43200000000002	5.34617	2.1656359941048735	0.015855906702883983	0.565139	10.342
11971746	1.14	0.11	0.17	1.36	0.05	0.08	0.6316288	0.028582399999999997	0.028441599999999997	4.221	0.019	0.021	5.	3.8	2.	6059	158	-0.2	0.3	29.6335	2.29774	1.4717829488448178	0.033674584603518916	0.191564	10.716
12009504	1.16	0.05	0.04	1.39	0.03	0.02	0.6013567999999999	0.013657599999999999	0.0139392	4.213	0.008	0.008	4.7	0.9	1.	6065	84	-0.09	0.09	26.8508	1.98328	1.4289572297156368	0.0320782829587603	0.403074	9.318
12011630	0.83	0.11	0.07	0.98	0.04	0.03	1.2528384	0.0425216	0.042099199999999996	4.38	0.017	0.015	12.5	3.6	5.2	5740	150	-0.2	0.3	16.788600000000002	3.14696	1.2250144818661601	0.08140686911179354	0.115798	10.176
12055375	0.98	0.15	0.12	1.51	0.09	0.08	0.4009984	0.0343552	0.033228799999999996	4.072	0.026	0.027	9.8	3.6	3.2	5810	144	-0.2	0.3	40.490199999999994	3.96599	1.6073499219569007	0.042538875389192383	0.167346	11.431
12058443	1.09	0.12	0.12	3.22	0.14	0.15	0.046323199999999995	0.001408	0.001408	3.462	0.011	0.012	7.5	3.9	2.	4931	103	-0.2	0.3	132.09199999999998	4.14417	2.1208765158653726	0.013625277557073852	0.520328	11.387
12117868	1.1	0.13	0.14	1.32	0.06	0.07	0.6644351999999999	0.0343552	0.032383999999999996	4.232	0.018	0.019	5.1	3.1	2.1	6168	144	-0.2	0.3	26.624200000000002	1.80449	1.425276567026876	0.029434876903328508	0.161752	10.506
12253255	1.48	0.16	0.14	2.27	0.11	0.09	0.17515519999999998	0.009574399999999999	0.0099968	3.89	0.018	0.018	3.1	0.8	0.9	6457	64	-0.2	0.3	50.2858	4.48095	1.7014453637379283	0.03869982895140131	0.245538	11.493
12258514	1.2	0.08	0.08	1.59	0.04	0.04	0.4190207999999999	0.0090112	0.009151999999999999	4.113	0.011	0.011	5.2	1.4	1.1	5990	84	0.04	0.09	34.192	2.4221	1.5339245048199939	0.030764642741514567	0.415827	8.077
12304142	1.37	0.11	0.11	1.83	0.05	0.05	0.3149696	0.0094336	0.008729599999999999	4.049	0.014	0.014	3.5	1.	0.7	6265	161	-0.2	0.3	37.390899999999995	3.1367700000000003	1.5727659187602534	0.036433514625207296	0.24599	10.03
12307366	1.59	0.13	0.24	3.97	0.17	0.26	0.035481599999999995	0.0015488	0.0015488	3.432	0.011	0.012	2.6	1.8	0.6	5108	97	-0.2	0.3	128.15699999999998	4.20461	2.1077423325518425	0.014248452457183234	0.492787	11.506
12352180	1.15	0.23	0.12	1.88	0.11	0.08	0.2440064	0.006758399999999999	0.006758399999999999	3.949	0.028	0.015	6.7	2.	2.6	5729	181	-0.2	0.3	39.358900000000006	1.78214	1.5950429522947274	0.019664512168253205	0.381207	9.216
12366681	1.56	0.15	0.19	2.64	0.11	0.12	0.11714559999999999	0.0045056	0.0039423999999999996	3.781	0.016	0.021	3.	0.9	0.8	6438	160	-0.2	0.3	39.2413	0.884582	1.593743386411135	0.009789917290990416	0.291831	9.563
12507240	1.38	0.13	0.12	1.94	0.06	0.06	0.2680832	0.010559999999999998	0.009856	4.003	0.016	0.016	3.7	0.9	0.9	6219	161	-0.2	0.3	45.1187	2.1897	1.6543565778777674	0.02107717259193085	0.272508	10.962
12735580	1.23	0.21	0.12	1.84	0.1	0.09	0.2845568	0.0252032	0.0240768	4.007	0.032	0.031	4.7	0.8	1.7	6329	147	-0.2	0.3	52.6325	5.89379	1.7212539991341036	0.04863231794987064	0.288887	11.487